   1 0.489012E+02 0.423598E+03 0.000000E+00 0.301752E+03 0.151644E+01 0.708657E+00 0.101861E+06 0.164142E-01
   2 0.183388E+02 0.419186E+03 0.000000E+00 0.300879E+03 0.119361E+01 0.125112E+01 0.101868E+06 0.165527E-01
   3 0.305698E+01 0.414934E+03 0.000000E+00 0.300054E+03 0.980561E+00 0.169089E+01 0.101877E+06 0.166634E-01
   4 0.000000E+00 0.411108E+03 0.000000E+00 0.299283E+03 0.892984E+00 0.201331E+01 0.101888E+06 0.167421E-01
   5 0.000000E+00 0.408138E+03 0.000000E+00 0.298573E+03 0.946561E+00 0.220370E+01 0.101901E+06 0.167849E-01
   6 0.000000E+00 0.406290E+03 0.000000E+00 0.297930E+03 0.115698E+01 0.224739E+01 0.101916E+06 0.167878E-01
   7 0.000000E+00 0.405225E+03 0.000000E+00 0.297362E+03 0.153991E+01 0.212970E+01 0.101934E+06 0.167467E-01
   8 0.000000E+00 0.404258E+03 0.000000E+00 0.296880E+03 0.209540E+01 0.184826E+01 0.101955E+06 0.166636E-01
   9 0.000000E+00 0.403140E+03 0.000000E+00 0.296520E+03 0.276083E+01 0.144979E+01 0.101977E+06 0.165633E-01
  10 0.000000E+00 0.402148E+03 0.000000E+00 0.296321E+03 0.345795E+01 0.993287E+00 0.101999E+06 0.164766E-01
  11 0.542918E+01 0.401502E+03 0.000000E+00 0.296324E+03 0.410850E+01 0.537763E+00 0.102019E+06 0.164341E-01
  12 0.240471E+02 0.401350E+03 0.000000E+00 0.296568E+03 0.463423E+01 0.142221E+00 0.102036E+06 0.164666E-01
  13 0.658015E+02 0.402286E+03 0.154023E-03 0.297094E+03 0.495686E+01 -.134332E+00 0.102048E+06 0.166049E-01
  14 0.128882E+03 0.405128E+03 0.154023E-03 0.297918E+03 0.502160E+01 -.250435E+00 0.102054E+06 0.168649E-01
  15 0.199898E+03 0.409978E+03 0.154023E-03 0.298964E+03 0.486743E+01 -.234794E+00 0.102054E+06 0.172039E-01
  16 0.264567E+03 0.415781E+03 0.154023E-03 0.300132E+03 0.455678E+01 -.133660E+00 0.102048E+06 0.175646E-01
  17 0.347577E+03 0.420830E+03 0.154023E-03 0.301324E+03 0.415208E+01 0.671759E-02 0.102034E+06 0.178895E-01
  18 0.509580E+03 0.423874E+03 0.154023E-03 0.302439E+03 0.371577E+01 0.140088E+00 0.102015E+06 0.181213E-01
  19 0.706625E+03 0.425079E+03 0.000000E+00 0.303377E+03 0.331028E+01 0.220202E+00 0.101989E+06 0.182026E-01
  20 0.791244E+03 0.425569E+03 0.000000E+00 0.304057E+03 0.298635E+01 0.214778E+00 0.101958E+06 0.180941E-01
  21 0.723847E+03 0.425964E+03 0.000000E+00 0.304469E+03 0.274793E+01 0.147415E+00 0.101922E+06 0.178291E-01
  22 0.577870E+03 0.426032E+03 0.000000E+00 0.304620E+03 0.258729E+01 0.556771E-01 0.101886E+06 0.174592E-01
  23 0.403577E+03 0.425590E+03 0.000000E+00 0.304517E+03 0.249670E+01 -.228670E-01 0.101852E+06 0.170357E-01
  24 0.230126E+03 0.424717E+03 0.000000E+00 0.304167E+03 0.246842E+01 -.506512E-01 0.101822E+06 0.166103E-01
  25 0.964488E+02 0.423098E+03 0.000000E+00 0.303579E+03 0.249471E+01 0.989128E-02 0.101799E+06 0.162343E-01
  26 0.253811E+02 0.420081E+03 0.000000E+00 0.302768E+03 0.256791E+01 0.178945E+00 0.101786E+06 0.159491E-01
  27 0.305146E+01 0.415557E+03 0.000000E+00 0.301794E+03 0.268068E+01 0.407165E+00 0.101782E+06 0.157553E-01
  28 0.000000E+00 0.410313E+03 0.000000E+00 0.300722E+03 0.282572E+01 0.627823E+00 0.101787E+06 0.156432E-01
  29 0.000000E+00 0.405529E+03 0.000000E+00 0.299621E+03 0.299576E+01 0.774194E+00 0.101800E+06 0.156033E-01
  30 0.000000E+00 0.401981E+03 0.000000E+00 0.298557E+03 0.318354E+01 0.779549E+00 0.101820E+06 0.156260E-01
  31 0.000000E+00 0.399550E+03 0.000000E+00 0.297599E+03 0.338175E+01 0.577161E+00 0.101847E+06 0.157017E-01
  32 0.000000E+00 0.397602E+03 0.000000E+00 0.296810E+03 0.358136E+01 0.126458E+00 0.101880E+06 0.158157E-01
  33 0.000000E+00 0.395896E+03 0.000000E+00 0.296245E+03 0.376622E+01 -.508514E+00 0.101916E+06 0.159325E-01
  34 0.000000E+00 0.394739E+03 0.000000E+00 0.295954E+03 0.391840E+01 -.123755E+01 0.101951E+06 0.160117E-01
  35 0.530421E+01 0.394384E+03 0.000000E+00 0.295988E+03 0.402000E+01 -.197046E+01 0.101982E+06 0.160126E-01
  36 0.237524E+02 0.394951E+03 0.000000E+00 0.296397E+03 0.405308E+01 -.261702E+01 0.102006E+06 0.158948E-01
  37 0.653643E+02 0.396890E+03 0.725852E-04 0.297233E+03 0.399974E+01 -.308705E+01 0.102020E+06 0.156177E-01
  38 0.128389E+03 0.400823E+03 0.725852E-04 0.298509E+03 0.384830E+01 -.331555E+01 0.102021E+06 0.151624E-01
  39 0.199421E+03 0.406714E+03 0.725852E-04 0.300099E+03 0.361214E+01 -.333840E+01 0.102009E+06 0.145969E-01
  40 0.264149E+03 0.413416E+03 0.725852E-04 0.301837E+03 0.331087E+01 -.321669E+01 0.101988E+06 0.140109E-01
  41 0.347222E+03 0.419073E+03 0.725852E-04 0.303561E+03 0.296412E+01 -.301151E+01 0.101958E+06 0.134938E-01
  42 0.509249E+03 0.422326E+03 0.725852E-04 0.305107E+03 0.259151E+01 -.278394E+01 0.101921E+06 0.131355E-01
  43 0.706305E+03 0.423494E+03 0.000000E+00 0.306310E+03 0.221266E+01 -.259508E+01 0.101880E+06 0.130255E-01
  44 0.790980E+03 0.423999E+03 0.000000E+00 0.307041E+03 0.184901E+01 -.249103E+01 0.101836E+06 0.132205E-01
  45 0.723672E+03 0.424445E+03 0.000000E+00 0.307303E+03 0.152922E+01 -.245794E+01 0.101791E+06 0.136449E-01
  46 0.577754E+03 0.423890E+03 0.000000E+00 0.307132E+03 0.128377E+01 -.246699E+01 0.101749E+06 0.141904E-01
  47 0.403473E+03 0.420880E+03 0.000000E+00 0.306566E+03 0.114314E+01 -.248934E+01 0.101711E+06 0.147483E-01
  48 0.230015E+03 0.414727E+03 0.000000E+00 0.305643E+03 0.113782E+01 -.249617E+01 0.101681E+06 0.152103E-01
  49 0.963573E+02 0.406088E+03 0.000000E+00 0.304398E+03 0.129828E+01 -.245864E+01 0.101660E+06 0.154679E-01
  50 0.253372E+02 0.396422E+03 0.000000E+00 0.302883E+03 0.163425E+01 -.235893E+01 0.101651E+06 0.154452E-01
  51 0.304248E+01 0.386918E+03 0.000000E+00 0.301198E+03 0.207244E+01 -.222326E+01 0.101653E+06 0.151970E-01
  52 0.000000E+00 0.378537E+03 0.000000E+00 0.299459E+03 0.251884E+01 -.208885E+01 0.101663E+06 0.148106E-01
  53 0.000000E+00 0.372804E+03 0.000000E+00 0.297780E+03 0.287939E+01 -.199293E+01 0.101680E+06 0.143733E-01
  54 0.000000E+00 0.370958E+03 0.000000E+00 0.296276E+03 0.306007E+01 -.197271E+01 0.101702E+06 0.139726E-01
  55 0.000000E+00 0.372062E+03 0.000000E+00 0.295061E+03 0.296685E+01 -.206541E+01 0.101728E+06 0.136957E-01
  56 0.000000E+00 0.373619E+03 0.000000E+00 0.294231E+03 0.254201E+01 -.229300E+01 0.101755E+06 0.136042E-01
  57 0.000000E+00 0.374376E+03 0.000000E+00 0.293804E+03 0.187317E+01 -.261639E+01 0.101781E+06 0.136566E-01
  58 0.000000E+00 0.375089E+03 0.000000E+00 0.293778E+03 0.108425E+01 -.298121E+01 0.101805E+06 0.137854E-01
  59 0.517632E+01 0.376805E+03 0.000000E+00 0.294150E+03 0.299184E+00 -.333311E+01 0.101824E+06 0.139232E-01
  60 0.234491E+02 0.379867E+03 0.000000E+00 0.294920E+03 -.358098E+00 -.361773E+01 0.101837E+06 0.140025E-01
  61 0.649122E+02 0.384403E+03 0.162919E-04 0.296085E+03 -.763665E+00 -.378072E+01 0.101840E+06 0.139561E-01
  62 0.127878E+03 0.390579E+03 0.162919E-04 0.297620E+03 -.828528E+00 -.378436E+01 0.101832E+06 0.137408E-01
  63 0.198924E+03 0.398144E+03 0.162919E-04 0.299403E+03 -.603466E+00 -.365749E+01 0.101815E+06 0.134116E-01
  64 0.263712E+03 0.405977E+03 0.162919E-04 0.301289E+03 -.174202E+00 -.344560E+01 0.101789E+06 0.130477E-01
  65 0.313108E+03 0.412215E+03 0.162919E-04 0.303132E+03 0.373542E+00 -.319418E+01 0.101756E+06 0.127284E-01
  66 0.341970E+03 0.415504E+03 0.162919E-04 0.304788E+03 0.954044E+00 -.294872E+01 0.101717E+06 0.125330E-01
  67 0.347616E+03 0.416455E+03 0.239081E-04 0.306111E+03 0.148158E+01 -.275469E+01 0.101673E+06 0.125408E-01
  68 0.329539E+03 0.416997E+03 0.239081E-04 0.306986E+03 0.188895E+01 -.264246E+01 0.101626E+06 0.128044E-01
  69 0.289373E+03 0.418030E+03 0.239081E-04 0.307411E+03 0.218300E+01 -.258182E+01 0.101579E+06 0.132700E-01
  70 0.231027E+03 0.418684E+03 0.239081E-04 0.307418E+03 0.238910E+01 -.252741E+01 0.101535E+06 0.138573E-01
  71 0.163134E+03 0.417671E+03 0.239081E-04 0.307036E+03 0.253261E+01 -.243391E+01 0.101498E+06 0.144858E-01
  72 0.992046E+02 0.414419E+03 0.239081E-04 0.306295E+03 0.263891E+01 -.225596E+01 0.101471E+06 0.150751E-01
  73 0.493944E+02 0.409130E+03 0.000000E+00 0.305224E+03 0.273336E+01 -.194822E+01 0.101457E+06 0.155450E-01
  74 0.173810E+02 0.402410E+03 0.000000E+00 0.303867E+03 0.283541E+01 -.148774E+01 0.101459E+06 0.158343E-01
  75 0.303003E+01 0.394986E+03 0.000000E+00 0.302322E+03 0.294083E+01 -.941161E+00 0.101474E+06 0.159604E-01
  76 0.000000E+00 0.387978E+03 0.000000E+00 0.300701E+03 0.303946E+01 -.397493E+00 0.101498E+06 0.159597E-01
  77 0.000000E+00 0.383204E+03 0.000000E+00 0.299115E+03 0.312115E+01 0.542397E-01 0.101526E+06 0.158690E-01
  78 0.000000E+00 0.381999E+03 0.000000E+00 0.297677E+03 0.317575E+01 0.325013E+00 0.101555E+06 0.157248E-01
  79 0.000000E+00 0.383386E+03 0.000000E+00 0.296498E+03 0.319311E+01 0.325806E+00 0.101582E+06 0.155637E-01
  80 0.000000E+00 0.384836E+03 0.000000E+00 0.295670E+03 0.316748E+01 0.153549E-02 0.101602E+06 0.154183E-01
  81 0.000000E+00 0.385144E+03 0.000000E+00 0.295206E+03 0.311074E+01 -.567121E+00 0.101616E+06 0.153045E-01
  82 0.000000E+00 0.385240E+03 0.000000E+00 0.295097E+03 0.303917E+01 -.126555E+01 0.101628E+06 0.152345E-01
  83 0.504599E+01 0.386467E+03 0.000000E+00 0.295336E+03 0.296907E+01 -.197912E+01 0.101638E+06 0.152199E-01
  84 0.231382E+02 0.389397E+03 0.000000E+00 0.295917E+03 0.291672E+01 -.259323E+01 0.101650E+06 0.152729E-01
  85 0.644459E+02 0.394076E+03 0.107708E-03 0.296830E+03 0.289841E+01 -.299325E+01 0.101663E+06 0.154053E-01
  86 0.127348E+03 0.400350E+03 0.107708E-03 0.298050E+03 0.292598E+01 -.309766E+01 0.101681E+06 0.156201E-01
  87 0.198409E+03 0.407772E+03 0.107708E-03 0.299475E+03 0.299348E+01 -.295728E+01 0.101699E+06 0.158839E-01
  88 0.263257E+03 0.415355E+03 0.107708E-03 0.300982E+03 0.309054E+01 -.265603E+01 0.101715E+06 0.161544E-01
  89 0.346452E+03 0.421565E+03 0.107708E-03 0.302452E+03 0.320677E+01 -.227782E+01 0.101724E+06 0.163893E-01
  90 0.508505E+03 0.425174E+03 0.107708E-03 0.303762E+03 0.333178E+01 -.190657E+01 0.101723E+06 0.165464E-01
  91 0.705539E+03 0.426390E+03 0.000000E+00 0.304792E+03 0.345518E+01 -.162619E+01 0.101708E+06 0.165832E-01
  92 0.790289E+03 0.426510E+03 0.000000E+00 0.305448E+03 0.356430E+01 -.150199E+01 0.101678E+06 0.164722E-01
  93 0.723130E+03 0.426347E+03 0.000000E+00 0.305748E+03 0.363728E+01 -.152479E+01 0.101637E+06 0.162446E-01
  94 0.577307E+03 0.425882E+03 0.000000E+00 0.305737E+03 0.364996E+01 -.166682E+01 0.101594E+06 0.159465E-01
  95 0.403035E+03 0.425260E+03 0.000000E+00 0.305459E+03 0.357820E+01 -.190031E+01 0.101555E+06 0.156237E-01
  96 0.229585E+03 0.424832E+03 0.000000E+00 0.304961E+03 0.339784E+01 -.219746E+01 0.101527E+06 0.153224E-01
  97 0.960361E+02 0.424176E+03 0.000000E+00 0.304286E+03 0.308472E+01 -.253052E+01 0.101519E+06 0.150884E-01
  98 0.251925E+02 0.422207E+03 0.000000E+00 0.303477E+03 0.262682E+01 -.287437E+01 0.101534E+06 0.149539E-01
  99 0.301409E+01 0.418453E+03 0.000000E+00 0.302564E+03 0.206056E+01 -.321468E+01 0.101570E+06 0.148959E-01
 100 0.000000E+00 0.413467E+03 0.000000E+00 0.301572E+03 0.143450E+01 -.353978E+01 0.101618E+06 0.148773E-01
 101 0.000000E+00 0.408047E+03 0.000000E+00 0.300527E+03 0.797186E+00 -.383800E+01 0.101674E+06 0.148612E-01
 102 0.000000E+00 0.402626E+03 0.000000E+00 0.299457E+03 0.197167E+00 -.409767E+01 0.101731E+06 0.148107E-01
 103 0.000000E+00 0.397297E+03 0.000000E+00 0.298385E+03 -.317006E+00 -.430714E+01 0.101782E+06 0.146888E-01
 104 0.000000E+00 0.392108E+03 0.000000E+00 0.297350E+03 -.709803E+00 -.445947E+01 0.101822E+06 0.144700E-01
 105 0.000000E+00 0.387283E+03 0.000000E+00 0.296431E+03 -.997778E+00 -.456663E+01 0.101852E+06 0.141737E-01
 106 0.000000E+00 0.383102E+03 0.000000E+00 0.295716E+03 -.121051E+01 -.464533E+01 0.101875E+06 0.138311E-01
 107 0.952891E+01 0.379671E+03 0.000000E+00 0.295297E+03 -.137756E+01 -.471228E+01 0.101893E+06 0.134729E-01
 108 0.529182E+02 0.377183E+03 0.000000E+00 0.295263E+03 -.152851E+01 -.478418E+01 0.101908E+06 0.131301E-01
 109 0.157161E+03 0.376400E+03 0.000000E+00 0.295703E+03 -.169293E+01 -.487773E+01 0.101923E+06 0.128336E-01
 110 0.316314E+03 0.378271E+03 0.000000E+00 0.296663E+03 -.189195E+01 -.500393E+01 0.101939E+06 0.126060E-01
 111 0.494691E+03 0.382796E+03 0.000000E+00 0.298004E+03 -.211281E+01 -.515091E+01 0.101956E+06 0.124359E-01
 112 0.656962E+03 0.388411E+03 0.000000E+00 0.299545E+03 -.233434E+01 -.530108E+01 0.101971E+06 0.123037E-01
 113 0.780853E+03 0.392508E+03 0.000000E+00 0.301102E+03 -.253534E+01 -.543686E+01 0.101983E+06 0.121896E-01
 114 0.853416E+03 0.393160E+03 0.000000E+00 0.302494E+03 -.269461E+01 -.554066E+01 0.101990E+06 0.120738E-01
 115 0.867896E+03 0.390868E+03 0.000000E+00 0.303537E+03 -.279097E+01 -.559490E+01 0.101990E+06 0.119367E-01
 116 0.822990E+03 0.387828E+03 0.000000E+00 0.304090E+03 -.281078E+01 -.558568E+01 0.101983E+06 0.117625E-01
 117 0.722761E+03 0.385244E+03 0.000000E+00 0.304173E+03 -.277070E+01 -.551391E+01 0.101971E+06 0.115512E-01
 118 0.576974E+03 0.382448E+03 0.000000E+00 0.303849E+03 -.269495E+01 -.538417E+01 0.101958E+06 0.113066E-01
 119 0.402700E+03 0.378388E+03 0.000000E+00 0.303181E+03 -.260774E+01 -.520104E+01 0.101947E+06 0.110329E-01
 120 0.229266E+03 0.372777E+03 0.000000E+00 0.302229E+03 -.253328E+01 -.496913E+01 0.101942E+06 0.107338E-01
 121 0.958058E+02 0.365978E+03 0.000000E+00 0.301056E+03 -.249580E+01 -.469302E+01 0.101947E+06 0.104133E-01
 122 0.250916E+02 0.358553E+03 0.000000E+00 0.299723E+03 -.251579E+01 -.437764E+01 0.101964E+06 0.100783E-01
 123 0.299467E+01 0.350983E+03 0.000000E+00 0.298290E+03 -.259888E+01 -.402926E+01 0.101991E+06 0.974644E-02
 124 0.000000E+00 0.343740E+03 0.000000E+00 0.296814E+03 -.274699E+01 -.365450E+01 0.102026E+06 0.943859E-02
 125 0.000000E+00 0.337455E+03 0.000000E+00 0.295355E+03 -.296202E+01 -.325996E+01 0.102065E+06 0.917541E-02
 126 0.000000E+00 0.332631E+03 0.000000E+00 0.293970E+03 -.324588E+01 -.285227E+01 0.102106E+06 0.897761E-02
 127 0.000000E+00 0.329091E+03 0.000000E+00 0.292718E+03 -.360050E+01 -.243803E+01 0.102146E+06 0.886587E-02
 128 0.000000E+00 0.326193E+03 0.000000E+00 0.291655E+03 -.401915E+01 -.202850E+01 0.102183E+06 0.885156E-02
 129 0.000000E+00 0.323708E+03 0.000000E+00 0.290833E+03 -.446063E+01 -.165347E+01 0.102215E+06 0.890864E-02
 130 0.000000E+00 0.322178E+03 0.000000E+00 0.290299E+03 -.487512E+01 -.134740E+01 0.102243E+06 0.900171E-02
 131 0.934414E+01 0.322465E+03 0.000000E+00 0.290102E+03 -.521279E+01 -.114473E+01 0.102266E+06 0.909538E-02
 132 0.523335E+02 0.325061E+03 0.000000E+00 0.290291E+03 -.542381E+01 -.107989E+01 0.102282E+06 0.915427E-02
 133 0.156081E+03 0.329660E+03 0.000000E+00 0.290914E+03 -.545836E+01 -.118734E+01 0.102292E+06 0.914298E-02
 134 0.314943E+03 0.335425E+03 0.000000E+00 0.291988E+03 -.528317E+01 -.148414E+01 0.102296E+06 0.903894E-02
 135 0.493314E+03 0.341698E+03 0.000000E+00 0.293402E+03 -.493127E+01 -.191786E+01 0.102292E+06 0.887082E-02
 136 0.655738E+03 0.348139E+03 0.000000E+00 0.295012E+03 -.445224E+01 -.241868E+01 0.102283E+06 0.868012E-02
 137 0.779828E+03 0.354283E+03 0.000000E+00 0.296674E+03 -.389568E+01 -.291682E+01 0.102268E+06 0.850831E-02
 138 0.852593E+03 0.359575E+03 0.000000E+00 0.298245E+03 -.331116E+01 -.334245E+01 0.102247E+06 0.839690E-02
 139 0.867248E+03 0.363886E+03 0.000000E+00 0.299581E+03 -.274827E+01 -.362578E+01 0.102222E+06 0.838736E-02
 140 0.822474E+03 0.367488E+03 0.000000E+00 0.300565E+03 -.225040E+01 -.371500E+01 0.102192E+06 0.850673E-02
 141 0.722326E+03 0.370447E+03 0.000000E+00 0.301183E+03 -.183609E+01 -.363033E+01 0.102160E+06 0.872419E-02
 142 0.576565E+03 0.372488E+03 0.000000E+00 0.301447E+03 -.151767E+01 -.340999E+01 0.102129E+06 0.899445E-02
 143 0.402286E+03 0.373417E+03 0.000000E+00 0.301369E+03 -.130748E+01 -.309220E+01 0.102101E+06 0.927221E-02
 144 0.228876E+03 0.373171E+03 0.000000E+00 0.300960E+03 -.121786E+01 -.271518E+01 0.102078E+06 0.951221E-02
 145 0.955287E+02 0.371500E+03 0.000000E+00 0.300234E+03 -.126114E+01 -.231715E+01 0.102062E+06 0.966915E-02
 146 0.249715E+02 0.368070E+03 0.000000E+00 0.299216E+03 -.144091E+01 -.193101E+01 0.102056E+06 0.971143E-02
 147 0.297175E+01 0.363070E+03 0.000000E+00 0.297988E+03 -.172583E+01 -.156834E+01 0.102058E+06 0.966225E-02
 148 0.000000E+00 0.357618E+03 0.000000E+00 0.296648E+03 -.207580E+01 -.123539E+01 0.102069E+06 0.955848E-02
 149 0.000000E+00 0.353520E+03 0.000000E+00 0.295290E+03 -.245073E+01 -.938402E+00 0.102086E+06 0.943701E-02
 150 0.000000E+00 0.352028E+03 0.000000E+00 0.294013E+03 -.281054E+01 -.683640E+00 0.102109E+06 0.933470E-02
 151 0.000000E+00 0.352516E+03 0.000000E+00 0.292911E+03 -.311512E+01 -.477351E+00 0.102137E+06 0.928845E-02
 152 0.000000E+00 0.353144E+03 0.000000E+00 0.292070E+03 -.333259E+01 -.323301E+00 0.102168E+06 0.932360E-02
 153 0.000000E+00 0.353075E+03 0.000000E+00 0.291525E+03 -.346379E+01 -.215304E+00 0.102200E+06 0.941947E-02
 154 0.000000E+00 0.353225E+03 0.000000E+00 0.291297E+03 -.351780E+01 -.144686E+00 0.102232E+06 0.954384E-02
 155 0.915685E+01 0.355029E+03 0.000000E+00 0.291411E+03 -.350366E+01 -.102774E+00 0.102260E+06 0.966449E-02
 156 0.517360E+02 0.359202E+03 0.000000E+00 0.291888E+03 -.343042E+01 -.808962E-01 0.102282E+06 0.974921E-02
 157 0.154972E+03 0.365396E+03 0.000000E+00 0.292751E+03 -.330715E+01 -.703784E-01 0.102296E+06 0.976579E-02
 158 0.313530E+03 0.372677E+03 0.000000E+00 0.293998E+03 -.314267E+01 -.674148E-01 0.102300E+06 0.969480E-02
 159 0.491894E+03 0.380213E+03 0.000000E+00 0.295520E+03 -.294492E+01 -.876683E-01 0.102296E+06 0.956800E-02
 160 0.654470E+03 0.386946E+03 0.000000E+00 0.297184E+03 -.272160E+01 -.151669E+00 0.102283E+06 0.942995E-02
 161 0.778761E+03 0.390867E+03 0.000000E+00 0.298857E+03 -.248043E+01 -.279945E+00 0.102264E+06 0.932518E-02
 162 0.851723E+03 0.390435E+03 0.000000E+00 0.300405E+03 -.222911E+01 -.493029E+00 0.102239E+06 0.929826E-02
 163 0.866549E+03 0.387114E+03 0.000000E+00 0.301695E+03 -.197535E+01 -.811448E+00 0.102210E+06 0.939372E-02
 164 0.821900E+03 0.384438E+03 0.000000E+00 0.302616E+03 -.173001E+01 -.123890E+01 0.102179E+06 0.963874E-02
 165 0.721823E+03 0.384096E+03 0.000000E+00 0.303152E+03 -.151654E+01 -.171170E+01 0.102147E+06 0.999097E-02
 166 0.576082E+03 0.384697E+03 0.000000E+00 0.303309E+03 -.136157E+01 -.214936E+01 0.102115E+06 0.103907E-01
 167 0.401794E+03 0.384105E+03 0.000000E+00 0.303091E+03 -.129169E+01 -.247137E+01 0.102087E+06 0.107782E-01
 168 0.228415E+03 0.381291E+03 0.000000E+00 0.302506E+03 -.133352E+01 -.259723E+01 0.102064E+06 0.110937E-01
 169 0.952046E+02 0.376336E+03 0.000000E+00 0.301559E+03 -.151366E+01 -.244642E+01 0.102048E+06 0.112775E-01
 170 0.248324E+02 0.369830E+03 0.000000E+00 0.300275E+03 -.184356E+01 -.197285E+01 0.102040E+06 0.112891E-01
 171 0.294536E+01 0.362492E+03 0.000000E+00 0.298753E+03 -.227408E+01 -.126809E+01 0.102040E+06 0.111644E-01
 172 0.000000E+00 0.355357E+03 0.000000E+00 0.297110E+03 -.274090E+01 -.458102E+00 0.102046E+06 0.109585E-01
 173 0.000000E+00 0.350057E+03 0.000000E+00 0.295465E+03 -.317970E+01 0.331147E+00 0.102058E+06 0.107267E-01
 174 0.000000E+00 0.347839E+03 0.000000E+00 0.293934E+03 -.352618E+01 0.973685E+00 0.102073E+06 0.105239E-01
 175 0.000000E+00 0.348008E+03 0.000000E+00 0.292636E+03 -.371602E+01 0.134354E+01 0.102092E+06 0.104055E-01
 176 0.000000E+00 0.348537E+03 0.000000E+00 0.291672E+03 -.370003E+01 0.135396E+01 0.102111E+06 0.104095E-01
 177 0.000000E+00 0.348438E+03 0.000000E+00 0.291083E+03 -.348954E+01 0.107503E+01 0.102131E+06 0.105065E-01
 178 0.000000E+00 0.348331E+03 0.000000E+00 0.290891E+03 -.311101E+01 0.616067E+00 0.102149E+06 0.106503E-01
 179 0.896757E+01 0.348938E+03 0.000000E+00 0.291123E+03 -.259088E+01 0.863700E-01 0.102164E+06 0.107942E-01
 180 0.511268E+02 0.350484E+03 0.000000E+00 0.291800E+03 -.195560E+01 -.404753E+00 0.102174E+06 0.108921E-01
 181 0.153835E+03 0.353440E+03 0.000000E+00 0.292949E+03 -.123163E+01 -.747994E+00 0.102179E+06 0.108975E-01
 182 0.312078E+03 0.358545E+03 0.000000E+00 0.294559E+03 -.449501E+00 -.862340E+00 0.102176E+06 0.107821E-01
 183 0.490431E+03 0.365862E+03 0.000000E+00 0.296490E+03 0.343974E+00 -.779935E+00 0.102165E+06 0.105899E-01
 184 0.653161E+03 0.374363E+03 0.000000E+00 0.298568E+03 0.109790E+01 -.561219E+00 0.102146E+06 0.103827E-01
 185 0.777650E+03 0.382485E+03 0.000000E+00 0.300618E+03 0.176136E+01 -.266628E+00 0.102118E+06 0.102226E-01
 186 0.850808E+03 0.389049E+03 0.000000E+00 0.302466E+03 0.228348E+01 0.433995E-01 0.102081E+06 0.101716E-01
 187 0.865797E+03 0.393916E+03 0.000000E+00 0.303939E+03 0.261336E+01 0.308427E+00 0.102035E+06 0.102915E-01
 188 0.821267E+03 0.397655E+03 0.000000E+00 0.304901E+03 0.272204E+01 0.485317E+00 0.101979E+06 0.106221E-01
 189 0.721253E+03 0.400616E+03 0.000000E+00 0.305375E+03 0.266843E+01 0.600140E+00 0.101917E+06 0.111138E-01
 190 0.575523E+03 0.402930E+03 0.000000E+00 0.305423E+03 0.253334E+01 0.696266E+00 0.101854E+06 0.116947E-01
 191 0.401221E+03 0.405233E+03 0.000000E+00 0.305107E+03 0.239763E+01 0.817067E+00 0.101793E+06 0.122930E-01
 192 0.227883E+03 0.408081E+03 0.000000E+00 0.304487E+03 0.234213E+01 0.100591E+01 0.101739E+06 0.128367E-01
 193 0.948335E+02 0.410476E+03 0.000000E+00 0.303627E+03 0.244768E+01 0.130618E+01 0.101696E+06 0.132539E-01
 194 0.246742E+02 0.410407E+03 0.000000E+00 0.302588E+03 0.277091E+01 0.174223E+01 0.101666E+06 0.134913E-01
 195 0.291552E+01 0.407211E+03 0.000000E+00 0.301438E+03 0.327161E+01 0.226247E+01 0.101650E+06 0.135701E-01
 196 0.000000E+00 0.402581E+03 0.000000E+00 0.300242E+03 0.388535E+01 0.279628E+01 0.101643E+06 0.135299E-01
 197 0.000000E+00 0.399304E+03 0.000000E+00 0.299070E+03 0.454771E+01 0.327306E+01 0.101644E+06 0.134104E-01
 198 0.000000E+00 0.399069E+03 0.000000E+00 0.297987E+03 0.519428E+01 0.362221E+01 0.101650E+06 0.132514E-01
 199 0.000000E+00 0.400958E+03 0.000000E+00 0.297061E+03 0.576063E+01 0.377311E+01 0.101660E+06 0.130924E-01
 200 0.000000E+00 0.402554E+03 0.000000E+00 0.296351E+03 0.619587E+01 0.367854E+01 0.101670E+06 0.129707E-01
 201 0.000000E+00 0.402715E+03 0.000000E+00 0.295878E+03 0.650330E+01 0.338473E+01 0.101680E+06 0.129139E-01
 202 0.000000E+00 0.402180E+03 0.000000E+00 0.295657E+03 0.669974E+01 0.296130E+01 0.101687E+06 0.129470E-01
 203 0.437377E+01 0.401825E+03 0.000000E+00 0.295701E+03 0.680202E+01 0.247787E+01 0.101691E+06 0.130953E-01
 204 0.214974E+02 0.401979E+03 0.000000E+00 0.296023E+03 0.682695E+01 0.200406E+01 0.101690E+06 0.133837E-01
 205 0.619318E+02 0.403283E+03 0.144354E-03 0.296637E+03 0.679138E+01 0.160947E+01 0.101682E+06 0.138374E-01
 206 0.124451E+03 0.406667E+03 0.144354E-03 0.297534E+03 0.670747E+01 0.134722E+01 0.101666E+06 0.144646E-01
 207 0.195570E+03 0.412217E+03 0.144354E-03 0.298609E+03 0.656877E+01 0.120446E+01 0.101644E+06 0.152060E-01
 208 0.260724E+03 0.418790E+03 0.144354E-03 0.299739E+03 0.636418E+01 0.115183E+01 0.101617E+06 0.159852E-01
 209 0.310598E+03 0.424771E+03 0.144354E-03 0.300796E+03 0.608261E+01 0.115999E+01 0.101586E+06 0.167262E-01
 210 0.339938E+03 0.428946E+03 0.144354E-03 0.301654E+03 0.571296E+01 0.119957E+01 0.101553E+06 0.173526E-01
 211 0.345998E+03 0.430933E+03 0.325209E-03 0.302189E+03 0.524411E+01 0.124123E+01 0.101518E+06 0.177881E-01
 212 0.328229E+03 0.431007E+03 0.325209E-03 0.302309E+03 0.467461E+01 0.125947E+01 0.101484E+06 0.179794E-01
 213 0.288245E+03 0.429626E+03 0.325209E-03 0.302069E+03 0.404148E+01 0.124422E+01 0.101453E+06 0.179636E-01
 214 0.229954E+03 0.427538E+03 0.325209E-03 0.301556E+03 0.339139E+01 0.118926E+01 0.101426E+06 0.178007E-01
 215 0.160227E+03 0.426160E+03 0.325209E-03 0.300859E+03 0.277099E+01 0.108839E+01 0.101405E+06 0.175507E-01
 216 0.909114E+02 0.426627E+03 0.325209E-03 0.300069E+03 0.222696E+01 0.935403E+00 0.101392E+06 0.172736E-01
 217 0.377662E+02 0.428167E+03 0.171419E-03 0.299273E+03 0.180596E+01 0.724075E+00 0.101390E+06 0.170294E-01
 218 0.979880E+01 0.428649E+03 0.171419E-03 0.298543E+03 0.153679E+01 0.451005E+00 0.101400E+06 0.168633E-01
 219 0.115290E+01 0.427072E+03 0.171419E-03 0.297879E+03 0.137685E+01 0.124002E+00 0.101418E+06 0.167608E-01
 220 0.000000E+00 0.424589E+03 0.171419E-03 0.297263E+03 0.126569E+01 -.246318E+00 0.101444E+06 0.166928E-01
 221 0.000000E+00 0.423236E+03 0.171419E-03 0.296679E+03 0.114285E+01 -.649342E+00 0.101474E+06 0.166301E-01
 222 0.000000E+00 0.424020E+03 0.171419E-03 0.296108E+03 0.947874E+00 -.107445E+01 0.101506E+06 0.165435E-01
 223 0.000000E+00 0.425863E+03 0.288089E-04 0.295532E+03 0.620314E+00 -.151104E+01 0.101536E+06 0.164038E-01
 224 0.000000E+00 0.426650E+03 0.288089E-04 0.294949E+03 0.117151E+00 -.195082E+01 0.101564E+06 0.161882E-01
 225 0.000000E+00 0.425406E+03 0.288089E-04 0.294415E+03 -.534870E+00 -.239486E+01 0.101589E+06 0.159002E-01
 226 0.000000E+00 0.422466E+03 0.288089E-04 0.294001E+03 -.129157E+01 -.284656E+01 0.101612E+06 0.155494E-01
 227 0.343397E+01 0.417874E+03 0.288089E-04 0.293776E+03 -.210876E+01 -.330933E+01 0.101637E+06 0.151458E-01
 228 0.199510E+02 0.411606E+03 0.288089E-04 0.293811E+03 -.294225E+01 -.378658E+01 0.101662E+06 0.146991E-01
 229 0.605935E+02 0.405387E+03 0.353213E-05 0.294178E+03 -.374787E+01 -.428169E+01 0.101691E+06 0.142192E-01
 230 0.123624E+03 0.402085E+03 0.353213E-05 0.294912E+03 -.448218E+01 -.479193E+01 0.101723E+06 0.137172E-01
 231 0.194952E+03 0.402698E+03 0.353213E-05 0.295918E+03 -.510470E+01 -.528998E+01 0.101756E+06 0.132100E-01
 232 0.260167E+03 0.404905E+03 0.353213E-05 0.297065E+03 -.557571E+01 -.574238E+01 0.101785E+06 0.127160E-01
 233 0.343680E+03 0.404567E+03 0.353213E-05 0.298223E+03 -.585548E+01 -.611566E+01 0.101808E+06 0.122534E-01
 234 0.505601E+03 0.399095E+03 0.353213E-05 0.299262E+03 -.590429E+01 -.637635E+01 0.101820E+06 0.118404E-01
 235 0.702216E+03 0.390218E+03 0.000000E+00 0.300052E+03 -.568242E+01 -.649100E+01 0.101817E+06 0.114955E-01
 236 0.786858E+03 0.382332E+03 0.000000E+00 0.300491E+03 -.517767E+01 -.643922E+01 0.101798E+06 0.112288E-01
 237 0.719903E+03 0.377680E+03 0.000000E+00 0.300597E+03 -.448801E+01 -.625296E+01 0.101768E+06 0.110182E-01
 238 0.574170E+03 0.374796E+03 0.000000E+00 0.300414E+03 -.373895E+01 -.597725E+01 0.101734E+06 0.108336E-01
 239 0.399833E+03 0.371222E+03 0.000000E+00 0.299987E+03 -.305599E+01 -.565712E+01 0.101704E+06 0.106447E-01
 240 0.226602E+03 0.365859E+03 0.000000E+00 0.299360E+03 -.256463E+01 -.533759E+01 0.101684E+06 0.104216E-01
 241 0.939501E+02 0.359163E+03 0.000000E+00 0.298580E+03 -.239037E+01 -.506370E+01 0.101681E+06 0.101339E-01
 242 0.243008E+02 0.352208E+03 0.000000E+00 0.297687E+03 -.262187E+01 -.486772E+01 0.101702E+06 0.976148E-02
 243 0.284559E+01 0.345624E+03 0.000000E+00 0.296707E+03 -.320043E+01 -.473083E+01 0.101740E+06 0.932381E-02
 244 0.000000E+00 0.339395E+03 0.000000E+00 0.295663E+03 -.403049E+01 -.462147E+01 0.101792E+06 0.885027E-02
 245 0.000000E+00 0.333428E+03 0.000000E+00 0.294576E+03 -.501648E+01 -.450806E+01 0.101850E+06 0.837027E-02
 246 0.000000E+00 0.327817E+03 0.000000E+00 0.293468E+03 -.606285E+01 -.435905E+01 0.101908E+06 0.791319E-02
 247 0.000000E+00 0.322605E+03 0.000000E+00 0.292362E+03 -.707406E+01 -.414284E+01 0.101960E+06 0.750844E-02
 248 0.000000E+00 0.317762E+03 0.000000E+00 0.291292E+03 -.796523E+01 -.383958E+01 0.102000E+06 0.718067E-02
 249 0.000000E+00 0.313490E+03 0.000000E+00 0.290338E+03 -.869430E+01 -.347610E+01 0.102031E+06 0.693553E-02
 250 0.000000E+00 0.310399E+03 0.000000E+00 0.289595E+03 -.922992E+01 -.309098E+01 0.102052E+06 0.677391E-02
 251 0.839259E+01 0.309334E+03 0.000000E+00 0.289154E+03 -.954072E+01 -.272275E+01 0.102066E+06 0.669673E-02
 252 0.492397E+02 0.310905E+03 0.000000E+00 0.289110E+03 -.959533E+01 -.240997E+01 0.102073E+06 0.670488E-02
 253 0.150272E+03 0.314991E+03 0.000000E+00 0.289555E+03 -.936238E+01 -.219118E+01 0.102077E+06 0.679927E-02
 254 0.307497E+03 0.320856E+03 0.000000E+00 0.290537E+03 -.883294E+01 -.209411E+01 0.102077E+06 0.697523E-02
 255 0.485794E+03 0.327714E+03 0.000000E+00 0.291924E+03 -.808765E+01 -.210312E+01 0.102074E+06 0.720583E-02
 256 0.648983E+03 0.334675E+03 0.000000E+00 0.293539E+03 -.722959E+01 -.219175E+01 0.102065E+06 0.745860E-02
 257 0.774061E+03 0.340299E+03 0.000000E+00 0.295205E+03 -.636184E+01 -.233351E+01 0.102050E+06 0.770104E-02
 258 0.847781E+03 0.343282E+03 0.000000E+00 0.296744E+03 -.558746E+01 -.250196E+01 0.102028E+06 0.790066E-02
 259 0.863229E+03 0.343875E+03 0.000000E+00 0.297979E+03 -.500954E+01 -.267062E+01 0.101996E+06 0.802497E-02
 260 0.819002E+03 0.343573E+03 0.000000E+00 0.298770E+03 -.470128E+01 -.281613E+01 0.101956E+06 0.805043E-02
 261 0.719123E+03 0.343181E+03 0.000000E+00 0.299127E+03 -.461641E+01 -.292760E+01 0.101911E+06 0.798926E-02
 262 0.573376E+03 0.342037E+03 0.000000E+00 0.299097E+03 -.467879E+01 -.299721E+01 0.101864E+06 0.786263E-02
 263 0.399015E+03 0.339030E+03 0.000000E+00 0.298728E+03 -.481231E+01 -.301718E+01 0.101820E+06 0.769169E-02
 264 0.225853E+03 0.333774E+03 0.000000E+00 0.298066E+03 -.494083E+01 -.297971E+01 0.101784E+06 0.749761E-02
 265 0.934376E+02 0.326999E+03 0.000000E+00 0.297160E+03 -.498821E+01 -.287700E+01 0.101759E+06 0.730156E-02
 266 0.240858E+02 0.319976E+03 0.000000E+00 0.296060E+03 -.489839E+01 -.270931E+01 0.101750E+06 0.712201E-02
 267 0.280555E+01 0.313566E+03 0.000000E+00 0.294826E+03 -.469558E+01 -.250908E+01 0.101753E+06 0.696671E-02
 268 0.000000E+00 0.308272E+03 0.000000E+00 0.293522E+03 -.442404E+01 -.231681E+01 0.101766E+06 0.684072E-02
 269 0.000000E+00 0.304971E+03 0.000000E+00 0.292212E+03 -.412806E+01 -.217299E+01 0.101784E+06 0.674910E-02
 270 0.000000E+00 0.304351E+03 0.000000E+00 0.290960E+03 -.385190E+01 -.211812E+01 0.101805E+06 0.669690E-02
 271 0.000000E+00 0.305487E+03 0.000000E+00 0.289831E+03 -.363984E+01 -.219269E+01 0.101825E+06 0.668919E-02
 272 0.000000E+00 0.306365E+03 0.000000E+00 0.288884E+03 -.352553E+01 -.241953E+01 0.101841E+06 0.672842E-02
 273 0.000000E+00 0.306085E+03 0.000000E+00 0.288176E+03 -.350010E+01 -.275079E+01 0.101852E+06 0.680663E-02
 274 0.000000E+00 0.305474E+03 0.000000E+00 0.287759E+03 -.354409E+01 -.312097E+01 0.101858E+06 0.691325E-02
 275 0.820027E+01 0.305690E+03 0.000000E+00 0.287685E+03 -.363801E+01 -.346455E+01 0.101856E+06 0.703771E-02
 276 0.485944E+02 0.307326E+03 0.000000E+00 0.288007E+03 -.376238E+01 -.371602E+01 0.101848E+06 0.716945E-02
 277 0.149039E+03 0.310617E+03 0.000000E+00 0.288777E+03 -.389772E+01 -.380986E+01 0.101832E+06 0.729791E-02
 278 0.305899E+03 0.315641E+03 0.000000E+00 0.290013E+03 -.402468E+01 -.370257E+01 0.101807E+06 0.741545E-02
 279 0.484169E+03 0.322141E+03 0.000000E+00 0.291592E+03 -.412443E+01 -.343861E+01 0.101776E+06 0.752626E-02
 280 0.647509E+03 0.329338E+03 0.000000E+00 0.293354E+03 -.417827E+01 -.308447E+01 0.101737E+06 0.763746E-02
 281 0.772779E+03 0.336024E+03 0.000000E+00 0.295141E+03 -.416747E+01 -.270661E+01 0.101694E+06 0.775616E-02
 282 0.846679E+03 0.341179E+03 0.000000E+00 0.296794E+03 -.407335E+01 -.237153E+01 0.101648E+06 0.788949E-02
 283 0.862265E+03 0.344739E+03 0.000000E+00 0.298154E+03 -.387719E+01 -.214568E+01 0.101598E+06 0.804456E-02
 284 0.818124E+03 0.347368E+03 0.000000E+00 0.299095E+03 -.357032E+01 -.207588E+01 0.101547E+06 0.822512E-02
 285 0.718270E+03 0.349448E+03 0.000000E+00 0.299620E+03 -.318424E+01 -.213029E+01 0.101498E+06 0.842136E-02
 286 0.572501E+03 0.350894E+03 0.000000E+00 0.299763E+03 -.276046E+01 -.225738E+01 0.101451E+06 0.862010E-02
 287 0.398115E+03 0.351837E+03 0.000000E+00 0.299559E+03 -.234050E+01 -.240564E+01 0.101409E+06 0.880816E-02
 288 0.225032E+03 0.352512E+03 0.000000E+00 0.299042E+03 -.196589E+01 -.252355E+01 0.101376E+06 0.897237E-02
 289 0.928784E+02 0.352437E+03 0.000000E+00 0.298249E+03 -.167815E+01 -.255961E+01 0.101352E+06 0.909953E-02
 290 0.238523E+02 0.350641E+03 0.000000E+00 0.297220E+03 -.151093E+01 -.247884E+01 0.101339E+06 0.918104E-02
 291 0.276222E+01 0.346973E+03 0.000000E+00 0.296035E+03 -.146637E+01 -.231248E+01 0.101336E+06 0.922653E-02
 292 0.000000E+00 0.342859E+03 0.000000E+00 0.294779E+03 -.153877E+01 -.210832E+01 0.101340E+06 0.925021E-02
 293 0.000000E+00 0.340730E+03 0.000000E+00 0.293536E+03 -.172238E+01 -.191414E+01 0.101347E+06 0.926626E-02
 294 0.000000E+00 0.342126E+03 0.000000E+00 0.292394E+03 -.201150E+01 -.177772E+01 0.101357E+06 0.928890E-02
 295 0.000000E+00 0.345883E+03 0.000000E+00 0.291438E+03 -.240040E+01 -.174685E+01 0.101365E+06 0.933233E-02
 296 0.000000E+00 0.349188E+03 0.000000E+00 0.290741E+03 -.287569E+01 -.185188E+01 0.101370E+06 0.940699E-02
 297 0.000000E+00 0.350700E+03 0.000000E+00 0.290331E+03 -.339330E+01 -.205341E+01 0.101371E+06 0.950827E-02
 298 0.000000E+00 0.351394E+03 0.000000E+00 0.290222E+03 -.390150E+01 -.229460E+01 0.101369E+06 0.962780E-02
 299 0.800838E+01 0.352676E+03 0.000000E+00 0.290429E+03 -.434855E+01 -.251861E+01 0.101364E+06 0.975721E-02
 300 0.479427E+02 0.355173E+03 0.000000E+00 0.290966E+03 -.468272E+01 -.266861E+01 0.101358E+06 0.988814E-02
 301 0.147784E+03 0.359084E+03 0.000000E+00 0.291849E+03 -.485228E+01 -.268776E+01 0.101349E+06 0.100122E-01
 302 0.304268E+03 0.364486E+03 0.000000E+00 0.293067E+03 -.482295E+01 -.253746E+01 0.101339E+06 0.101236E-01
 303 0.482506E+03 0.371176E+03 0.000000E+00 0.294510E+03 -.463030E+01 -.225209E+01 0.101327E+06 0.102268E-01
 304 0.645995E+03 0.378720E+03 0.000000E+00 0.296041E+03 -.432739E+01 -.188426E+01 0.101316E+06 0.103286E-01
 305 0.771455E+03 0.386721E+03 0.000000E+00 0.297525E+03 -.396725E+01 -.148658E+01 0.101303E+06 0.104362E-01
 306 0.845529E+03 0.394692E+03 0.000000E+00 0.298825E+03 -.360292E+01 -.111166E+01 0.101291E+06 0.105563E-01
 307 0.861247E+03 0.401685E+03 0.000000E+00 0.299806E+03 -.328744E+01 -.812130E+00 0.101280E+06 0.106960E-01
 308 0.817182E+03 0.406567E+03 0.000000E+00 0.300363E+03 -.306274E+01 -.627325E+00 0.101270E+06 0.108594E-01
 309 0.717346E+03 0.408739E+03 0.000000E+00 0.300514E+03 -.292631E+01 -.543549E+00 0.101262E+06 0.110386E-01
 310 0.571546E+03 0.408028E+03 0.000000E+00 0.300311E+03 -.286452E+01 -.533835E+00 0.101256E+06 0.112229E-01
 311 0.397132E+03 0.404023E+03 0.000000E+00 0.299803E+03 -.286376E+01 -.571218E+00 0.101254E+06 0.114018E-01
 312 0.224138E+03 0.396570E+03 0.000000E+00 0.299039E+03 -.291040E+01 -.628735E+00 0.101255E+06 0.115645E-01
 313 0.922727E+02 0.387032E+03 0.000000E+00 0.298070E+03 -.299083E+01 -.679419E+00 0.101262E+06 0.117003E-01
 314 0.236004E+02 0.377783E+03 0.000000E+00 0.296949E+03 -.308923E+01 -.703245E+00 0.101274E+06 0.118018E-01
 315 0.271563E+01 0.370217E+03 0.000000E+00 0.295740E+03 -.318113E+01 -.707944E+00 0.101291E+06 0.118745E-01
 316 0.000000E+00 0.364333E+03 0.000000E+00 0.294508E+03 -.323983E+01 -.708184E+00 0.101312E+06 0.119271E-01
 317 0.000000E+00 0.360064E+03 0.000000E+00 0.293321E+03 -.323868E+01 -.718637E+00 0.101335E+06 0.119682E-01
 318 0.000000E+00 0.357624E+03 0.000000E+00 0.292245E+03 -.315100E+01 -.753970E+00 0.101361E+06 0.120067E-01
 319 0.000000E+00 0.356620E+03 0.000000E+00 0.291346E+03 -.295012E+01 -.828855E+00 0.101389E+06 0.120512E-01
 320 0.000000E+00 0.356083E+03 0.000000E+00 0.290684E+03 -.262448E+01 -.954689E+00 0.101417E+06 0.121063E-01
 321 0.000000E+00 0.355598E+03 0.000000E+00 0.290289E+03 -.222296E+01 -.112978E+01 0.101444E+06 0.121602E-01
 322 0.000000E+00 0.355707E+03 0.000000E+00 0.290186E+03 -.180956E+01 -.134918E+01 0.101470E+06 0.121972E-01
 323 0.781741E+01 0.357211E+03 0.000000E+00 0.290399E+03 -.144829E+01 -.160793E+01 0.101493E+06 0.122011E-01
 324 0.472855E+02 0.360530E+03 0.000000E+00 0.290950E+03 -.120313E+01 -.190106E+01 0.101512E+06 0.121562E-01
 325 0.146509E+03 0.365546E+03 0.000000E+00 0.291864E+03 -.113810E+01 -.222362E+01 0.101526E+06 0.120466E-01
 326 0.302604E+03 0.371809E+03 0.000000E+00 0.293140E+03 -.129126E+01 -.256415E+01 0.101535E+06 0.118642E-01
 327 0.480805E+03 0.378821E+03 0.000000E+00 0.294675E+03 -.159697E+01 -.288522E+01 0.101538E+06 0.116323E-01
 328 0.644442E+03 0.385985E+03 0.000000E+00 0.296341E+03 -.196365E+01 -.314286E+01 0.101537E+06 0.113821E-01
 329 0.770088E+03 0.392390E+03 0.000000E+00 0.298010E+03 -.229974E+01 -.329316E+01 0.101532E+06 0.111447E-01
 330 0.844332E+03 0.397218E+03 0.000000E+00 0.299556E+03 -.251365E+01 -.329216E+01 0.101523E+06 0.109512E-01
 331 0.860175E+03 0.400522E+03 0.000000E+00 0.300850E+03 -.251381E+01 -.309592E+01 0.101511E+06 0.108330E-01
 332 0.816177E+03 0.403028E+03 0.000000E+00 0.301788E+03 -.223784E+01 -.268350E+01 0.101497E+06 0.108117E-01
 333 0.716348E+03 0.404965E+03 0.000000E+00 0.302355E+03 -.174009E+01 -.212589E+01 0.101483E+06 0.108728E-01
 334 0.570510E+03 0.405378E+03 0.000000E+00 0.302562E+03 -.110407E+01 -.151710E+01 0.101469E+06 0.109919E-01
 335 0.396065E+03 0.402583E+03 0.000000E+00 0.302417E+03 -.413318E+00 -.951126E+00 0.101459E+06 0.111452E-01
 336 0.223170E+03 0.395681E+03 0.000000E+00 0.301929E+03 0.248635E+00 -.521959E+00 0.101454E+06 0.113085E-01
 337 0.916203E+02 0.385968E+03 0.000000E+00 0.301107E+03 0.798260E+00 -.323600E+00 0.101455E+06 0.114578E-01
 338 0.233302E+02 0.376099E+03 0.000000E+00 0.299976E+03 0.117065E+01 -.421714E+00 0.101463E+06 0.115736E-01
 339 0.266585E+01 0.367720E+03 0.000000E+00 0.298618E+03 0.137538E+01 -.768649E+00 0.101479E+06 0.116550E-01
 340 0.000000E+00 0.361104E+03 0.000000E+00 0.297130E+03 0.144065E+01 -.128842E+01 0.101501E+06 0.117055E-01
 341 0.000000E+00 0.356753E+03 0.000000E+00 0.295609E+03 0.139465E+01 -.190505E+01 0.101528E+06 0.117290E-01
 342 0.000000E+00 0.355307E+03 0.000000E+00 0.294153E+03 0.126558E+01 -.254255E+01 0.101560E+06 0.117289E-01
 343 0.000000E+00 0.355807E+03 0.000000E+00 0.292860E+03 0.108164E+01 -.312494E+01 0.101595E+06 0.117090E-01
 344 0.000000E+00 0.356083E+03 0.000000E+00 0.291818E+03 0.871039E+00 -.358921E+01 0.101632E+06 0.116722E-01
 345 0.000000E+00 0.355179E+03 0.000000E+00 0.291086E+03 0.662055E+00 -.392427E+01 0.101670E+06 0.116186E-01
 346 0.000000E+00 0.353957E+03 0.000000E+00 0.290716E+03 0.482984E+00 -.413197E+01 0.101707E+06 0.115477E-01
 347 0.762777E+01 0.353491E+03 0.000000E+00 0.290758E+03 0.362119E+00 -.421419E+01 0.101741E+06 0.114588E-01
 348 0.466239E+02 0.354299E+03 0.000000E+00 0.291264E+03 0.327754E+00 -.417280E+01 0.101772E+06 0.113515E-01
 349 0.145216E+03 0.356945E+03 0.000000E+00 0.292285E+03 0.408185E+00 -.400968E+01 0.101797E+06 0.112251E-01
 350 0.300909E+03 0.362091E+03 0.000000E+00 0.293832E+03 0.619550E+00 -.373173E+01 0.101814E+06 0.110838E-01
 351 0.479067E+03 0.369661E+03 0.000000E+00 0.295756E+03 0.929374E+00 -.336608E+01 0.101825E+06 0.109512E-01
 352 0.642849E+03 0.378290E+03 0.000000E+00 0.297867E+03 0.129302E+01 -.294487E+01 0.101827E+06 0.108557E-01
 353 0.768679E+03 0.385710E+03 0.000000E+00 0.299976E+03 0.166587E+01 -.250026E+01 0.101821E+06 0.108255E-01
 354 0.843086E+03 0.390202E+03 0.000000E+00 0.301894E+03 0.200328E+01 -.206441E+01 0.101807E+06 0.108891E-01
 355 0.859047E+03 0.392125E+03 0.000000E+00 0.303431E+03 0.226062E+01 -.166947E+01 0.101783E+06 0.110747E-01
 356 0.815107E+03 0.393278E+03 0.000000E+00 0.304439E+03 0.240555E+01 -.134233E+01 0.101751E+06 0.113956E-01
 357 0.715275E+03 0.394552E+03 0.000000E+00 0.304929E+03 0.245487E+01 -.108883E+01 0.101714E+06 0.118041E-01
 358 0.569391E+03 0.395157E+03 0.000000E+00 0.304954E+03 0.243768E+01 -.909553E+00 0.101677E+06 0.122377E-01
 359 0.394913E+03 0.393946E+03 0.000000E+00 0.304568E+03 0.238308E+01 -.805066E+00 0.101644E+06 0.126336E-01
 360 0.222131E+03 0.390491E+03 0.000000E+00 0.303821E+03 0.232015E+01 -.775946E+00 0.101618E+06 0.129291E-01
 361 0.909221E+02 0.385077E+03 0.000000E+00 0.302767E+03 0.227800E+01 -.822770E+00 0.101606E+06 0.130615E-01
 362 0.230422E+02 0.378308E+03 0.000000E+00 0.301465E+03 0.227890E+01 -.944235E+00 0.101609E+06 0.129899E-01
 363 0.261296E+01 0.370873E+03 0.000000E+00 0.299995E+03 0.231790E+01 -.113154E+01 0.101626E+06 0.127601E-01
 364 0.000000E+00 0.363824E+03 0.000000E+00 0.298445E+03 0.238324E+01 -.137399E+01 0.101653E+06 0.124396E-01
 365 0.000000E+00 0.358872E+03 0.000000E+00 0.296901E+03 0.246314E+01 -.166092E+01 0.101688E+06 0.120959E-01
 366 0.000000E+00 0.357261E+03 0.000000E+00 0.295451E+03 0.254584E+01 -.198163E+01 0.101726E+06 0.117966E-01
 367 0.000000E+00 0.358047E+03 0.000000E+00 0.294182E+03 0.261956E+01 -.232544E+01 0.101765E+06 0.116092E-01
 368 0.000000E+00 0.358836E+03 0.000000E+00 0.293173E+03 0.267355E+01 -.267824E+01 0.101802E+06 0.115808E-01
 369 0.000000E+00 0.358532E+03 0.000000E+00 0.292472E+03 0.270100E+01 -.301213E+01 0.101836E+06 0.116766E-01
 370 0.000000E+00 0.358165E+03 0.000000E+00 0.292120E+03 0.269609E+01 -.329579E+01 0.101865E+06 0.118416E-01
 371 0.743987E+01 0.359271E+03 0.000000E+00 0.292157E+03 0.265303E+01 -.349790E+01 0.101890E+06 0.120204E-01
 372 0.459588E+02 0.362592E+03 0.000000E+00 0.292624E+03 0.256602E+01 -.358711E+01 0.101909E+06 0.121580E-01
 373 0.143906E+03 0.368055E+03 0.000000E+00 0.293561E+03 0.242923E+01 -.353211E+01 0.101921E+06 0.121992E-01
 374 0.299184E+03 0.375191E+03 0.000000E+00 0.294974E+03 0.224269E+01 -.331436E+01 0.101926E+06 0.121099E-01
 375 0.477293E+03 0.383427E+03 0.000000E+00 0.296731E+03 0.202970E+01 -.296653E+01 0.101925E+06 0.119411E-01
 376 0.641218E+03 0.391925E+03 0.000000E+00 0.298666E+03 0.181938E+01 -.253407E+01 0.101917E+06 0.117649E-01
 377 0.767227E+03 0.399300E+03 0.000000E+00 0.300612E+03 0.164085E+01 -.206242E+01 0.101904E+06 0.116534E-01
 378 0.841793E+03 0.404382E+03 0.000000E+00 0.302401E+03 0.152324E+01 -.159706E+01 0.101885E+06 0.116787E-01
 379 0.857862E+03 0.407495E+03 0.000000E+00 0.303868E+03 0.149567E+01 -.118344E+01 0.101862E+06 0.119128E-01
 380 0.813971E+03 0.410045E+03 0.000000E+00 0.304880E+03 0.157702E+01 -.857314E+00 0.101835E+06 0.123981E-01
 381 0.714128E+03 0.412612E+03 0.000000E+00 0.305437E+03 0.174524E+01 -.615714E+00 0.101806E+06 0.130576E-01
 382 0.568189E+03 0.414245E+03 0.000000E+00 0.305575E+03 0.196805E+01 -.445969E+00 0.101778E+06 0.137843E-01
 383 0.393676E+03 0.413533E+03 0.000000E+00 0.305329E+03 0.221317E+01 -.335412E+00 0.101755E+06 0.144713E-01
 384 0.221018E+03 0.409809E+03 0.000000E+00 0.304735E+03 0.244831E+01 -.271377E+00 0.101739E+06 0.150118E-01
 385 0.901783E+02 0.403577E+03 0.000000E+00 0.303826E+03 0.264119E+01 -.241197E+00 0.101733E+06 0.152989E-01
 386 0.227367E+02 0.396025E+03 0.000000E+00 0.302648E+03 0.276704E+01 -.231024E+00 0.101738E+06 0.152598E-01
 387 0.255705E+01 0.388210E+03 0.000000E+00 0.301282E+03 0.283118E+01 -.222289E+00 0.101753E+06 0.149577E-01
 388 0.000000E+00 0.381338E+03 0.000000E+00 0.299819E+03 0.284644E+01 -.195244E+00 0.101774E+06 0.144901E-01
 389 0.000000E+00 0.377516E+03 0.000000E+00 0.298351E+03 0.282567E+01 -.130140E+00 0.101798E+06 0.139543E-01
 390 0.000000E+00 0.378301E+03 0.000000E+00 0.296968E+03 0.278170E+01 -.722676E-02 0.101822E+06 0.134479E-01
 391 0.000000E+00 0.382113E+03 0.000000E+00 0.295760E+03 0.272736E+01 0.193244E+00 0.101842E+06 0.130680E-01
 392 0.000000E+00 0.385255E+03 0.000000E+00 0.294809E+03 0.267439E+01 0.482666E+00 0.101856E+06 0.128868E-01
 393 0.000000E+00 0.385982E+03 0.000000E+00 0.294151E+03 0.263002E+01 0.839016E+00 0.101864E+06 0.128749E-01
 394 0.000000E+00 0.385683E+03 0.000000E+00 0.293810E+03 0.260042E+01 0.123192E+01 0.101869E+06 0.129773E-01
 395 0.725409E+01 0.386425E+03 0.000000E+00 0.293811E+03 0.259171E+01 0.163099E+01 0.101870E+06 0.131393E-01
 396 0.452910E+02 0.389141E+03 0.000000E+00 0.294180E+03 0.261005E+01 0.200586E+01 0.101868E+06 0.133061E-01
 397 0.142579E+03 0.393783E+03 0.000000E+00 0.294943E+03 0.266156E+01 0.232615E+01 0.101866E+06 0.134228E-01
 398 0.297429E+03 0.399897E+03 0.000000E+00 0.296090E+03 0.274867E+01 0.256949E+01 0.101864E+06 0.134534E-01
 399 0.475483E+03 0.406855E+03 0.000000E+00 0.297487E+03 0.285884E+01 0.274558E+01 0.101860E+06 0.134361E-01
 400 0.639548E+03 0.413633E+03 0.000000E+00 0.298961E+03 0.297584E+01 0.287212E+01 0.101855E+06 0.134281E-01
 401 0.732446E+03 0.418616E+03 0.000000E+00 0.300344E+03 0.308340E+01 0.296684E+01 0.101845E+06 0.134864E-01
 402 0.675735E+03 0.420486E+03 0.000000E+00 0.301466E+03 0.316527E+01 0.304743E+01 0.101830E+06 0.136681E-01
 403 0.502982E+03 0.419637E+03 0.303807E-03 0.302157E+03 0.320520E+01 0.313161E+01 0.101810E+06 0.140301E-01
 404 0.357761E+03 0.417770E+03 0.303807E-03 0.302297E+03 0.319019E+01 0.323053E+01 0.101781E+06 0.146053E-01
 405 0.285162E+03 0.415926E+03 0.303807E-03 0.301967E+03 0.312025E+01 0.332915E+01 0.101748E+06 0.153287E-01
 406 0.226761E+03 0.413842E+03 0.303807E-03 0.301297E+03 0.299864E+01 0.340585E+01 0.101712E+06 0.161110E-01
 407 0.156942E+03 0.411076E+03 0.303807E-03 0.300419E+03 0.282861E+01 0.343904E+01 0.101675E+06 0.168631E-01
 408 0.879332E+02 0.407729E+03 0.303807E-03 0.299463E+03 0.261344E+01 0.340712E+01 0.101641E+06 0.174956E-01
 409 0.357559E+02 0.404155E+03 0.423855E-05 0.298559E+03 0.235638E+01 0.328847E+01 0.101611E+06 0.179194E-01
 410 0.896560E+01 0.400609E+03 0.423855E-05 0.297810E+03 0.206651E+01 0.307068E+01 0.101588E+06 0.180702E-01
 411 0.000000E+00 0.397301E+03 0.423855E-05 0.297204E+03 0.177624E+01 0.277802E+01 0.101571E+06 0.179836E-01
 412 0.000000E+00 0.394863E+03 0.423855E-05 0.296699E+03 0.152378E+01 0.244395E+01 0.101560E+06 0.177207E-01
 413 0.000000E+00 0.394568E+03 0.423855E-05 0.296254E+03 0.134735E+01 0.210193E+01 0.101553E+06 0.173419E-01
 414 0.000000E+00 0.397151E+03 0.423855E-05 0.295828E+03 0.128518E+01 0.178542E+01 0.101551E+06 0.169083E-01
 415 0.000000E+00 0.401155E+03 0.295816E-05 0.295380E+03 0.137547E+01 0.152787E+01 0.101551E+06 0.164804E-01
 416 0.000000E+00 0.403838E+03 0.295816E-05 0.294892E+03 0.164114E+01 0.135348E+01 0.101554E+06 0.161112E-01
 417 0.000000E+00 0.404026E+03 0.295816E-05 0.294430E+03 0.204385E+01 0.124945E+01 0.101558E+06 0.158214E-01
 418 0.000000E+00 0.402709E+03 0.295816E-05 0.294085E+03 0.252995E+01 0.119371E+01 0.101561E+06 0.156238E-01
 419 0.282832E+01 0.401129E+03 0.295816E-05 0.293947E+03 0.304578E+01 0.116418E+01 0.101563E+06 0.155314E-01
 420 0.178485E+02 0.399981E+03 0.295816E-05 0.294104E+03 0.353769E+01 0.113880E+01 0.101561E+06 0.155568E-01
 421 0.564952E+02 0.400252E+03 0.285021E-03 0.294648E+03 0.395202E+01 0.109550E+01 0.101555E+06 0.157131E-01
 422 0.118259E+03 0.403140E+03 0.285021E-03 0.295626E+03 0.424573E+01 0.101798E+01 0.101543E+06 0.160008E-01
 423 0.189456E+03 0.408740E+03 0.285021E-03 0.296920E+03 0.441809E+01 0.913035E+00 0.101525E+06 0.163724E-01
 424 0.255136E+03 0.415239E+03 0.285021E-03 0.298372E+03 0.447898E+01 0.793227E+00 0.101503E+06 0.167683E-01
 425 0.305678E+03 0.419539E+03 0.285021E-03 0.299821E+03 0.443830E+01 0.671118E+00 0.101477E+06 0.171288E-01
 426 0.335624E+03 0.419428E+03 0.285021E-03 0.301109E+03 0.430590E+01 0.559271E+00 0.101447E+06 0.173942E-01
 427 0.342129E+03 0.415794E+03 0.101902E-03 0.302077E+03 0.409169E+01 0.470246E+00 0.101414E+06 0.175049E-01
 428 0.324600E+03 0.411652E+03 0.101902E-03 0.302601E+03 0.380805E+01 0.414529E+00 0.101380E+06 0.174199E-01
 429 0.284642E+03 0.408732E+03 0.101902E-03 0.302712E+03 0.347746E+01 0.394283E+00 0.101344E+06 0.171733E-01
 430 0.226213E+03 0.406542E+03 0.101902E-03 0.302475E+03 0.312490E+01 0.409596E+00 0.101311E+06 0.168179E-01
 431 0.157841E+03 0.404402E+03 0.101902E-03 0.301956E+03 0.277536E+01 0.460553E+00 0.101280E+06 0.164065E-01
 432 0.932778E+02 0.402331E+03 0.101902E-03 0.301220E+03 0.245383E+01 0.547241E+00 0.101255E+06 0.159919E-01
 433 0.441940E+02 0.400061E+03 0.000000E+00 0.300335E+03 0.218529E+01 0.669746E+00 0.101236E+06 0.156269E-01
 434 0.146775E+02 0.396840E+03 0.000000E+00 0.299363E+03 0.199225E+01 0.823430E+00 0.101226E+06 0.153519E-01
 435 0.243654E+01 0.392474E+03 0.000000E+00 0.298349E+03 0.188724E+01 0.984759E+00 0.101222E+06 0.151582E-01
 436 0.000000E+00 0.387888E+03 0.000000E+00 0.297338E+03 0.188030E+01 0.112548E+01 0.101225E+06 0.150246E-01
 437 0.000000E+00 0.384582E+03 0.000000E+00 0.296371E+03 0.198147E+01 0.121732E+01 0.101231E+06 0.149299E-01
 438 0.000000E+00 0.383446E+03 0.000000E+00 0.295493E+03 0.220078E+01 0.123204E+01 0.101240E+06 0.148531E-01
 439 0.000000E+00 0.383835E+03 0.000000E+00 0.294746E+03 0.254829E+01 0.114138E+01 0.101250E+06 0.147730E-01
 440 0.000000E+00 0.384239E+03 0.000000E+00 0.294170E+03 0.302043E+01 0.932214E+00 0.101260E+06 0.146764E-01
 441 0.000000E+00 0.383992E+03 0.000000E+00 0.293798E+03 0.355924E+01 0.652029E+00 0.101268E+06 0.145828E-01
 442 0.000000E+00 0.383651E+03 0.000000E+00 0.293662E+03 0.409318E+01 0.363439E+00 0.101276E+06 0.145195E-01
 443 0.310082E+01 0.383894E+03 0.000000E+00 0.293791E+03 0.455068E+01 0.129064E+00 0.101281E+06 0.145138E-01
 444 0.180973E+02 0.385055E+03 0.000000E+00 0.294215E+03 0.486019E+01 0.115219E-01 0.101284E+06 0.145931E-01
 445 0.562978E+02 0.387592E+03 0.324459E-03 0.294966E+03 0.495015E+01 0.734330E-01 0.101285E+06 0.147848E-01
 446 0.117621E+03 0.392031E+03 0.324459E-03 0.296045E+03 0.477746E+01 0.351145E+00 0.101282E+06 0.151032E-01
 447 0.188704E+03 0.398239E+03 0.324459E-03 0.297338E+03 0.441283E+01 0.775921E+00 0.101277E+06 0.155113E-01
 448 0.254437E+03 0.405066E+03 0.324459E-03 0.298702E+03 0.395544E+01 0.125275E+01 0.101269E+06 0.159587E-01
 449 0.305047E+03 0.410759E+03 0.324459E-03 0.299995E+03 0.350445E+01 0.168663E+01 0.101259E+06 0.163953E-01
 450 0.335047E+03 0.413964E+03 0.324459E-03 0.301075E+03 0.315902E+01 0.198255E+01 0.101248E+06 0.167710E-01
 451 0.341587E+03 0.414655E+03 0.187269E-03 0.301798E+03 0.301834E+01 0.204551E+01 0.101234E+06 0.170355E-01
 452 0.324066E+03 0.413819E+03 0.187269E-03 0.302061E+03 0.314547E+01 0.181274E+01 0.101219E+06 0.171519E-01
 453 0.284091E+03 0.412192E+03 0.187269E-03 0.301921E+03 0.345918E+01 0.135054E+01 0.101205E+06 0.171358E-01
 454 0.225631E+03 0.409894E+03 0.187269E-03 0.301471E+03 0.384216E+01 0.757440E+00 0.101193E+06 0.170161E-01
 455 0.155781E+03 0.407136E+03 0.187269E-03 0.300808E+03 0.417707E+01 0.131979E+00 0.101186E+06 0.168216E-01
 456 0.868985E+02 0.404365E+03 0.187269E-03 0.300027E+03 0.434660E+01 -.427305E+00 0.101185E+06 0.165813E-01
 457 0.350718E+02 0.401648E+03 0.388534E-05 0.299223E+03 0.423343E+01 -.821873E+00 0.101192E+06 0.163240E-01
 458 0.868755E+01 0.398615E+03 0.388534E-05 0.298472E+03 0.375962E+01 -.983068E+00 0.101209E+06 0.160742E-01
 459 0.000000E+00 0.395132E+03 0.388534E-05 0.297773E+03 0.300478E+01 -.961749E+00 0.101235E+06 0.158395E-01
 460 0.000000E+00 0.391769E+03 0.388534E-05 0.297106E+03 0.208789E+01 -.838658E+00 0.101266E+06 0.156230E-01
 461 0.000000E+00 0.389562E+03 0.388534E-05 0.296452E+03 0.112796E+01 -.694535E+00 0.101302E+06 0.154278E-01
 462 0.000000E+00 0.389066E+03 0.388534E-05 0.295792E+03 0.243970E+00 -.610120E+00 0.101339E+06 0.152573E-01
 463 0.000000E+00 0.389459E+03 0.000000E+00 0.295104E+03 -.445083E+00 -.666153E+00 0.101377E+06 0.151145E-01
 464 0.000000E+00 0.389196E+03 0.000000E+00 0.294391E+03 -.850282E+00 -.916443E+00 0.101412E+06 0.150011E-01
 465 0.000000E+00 0.387734E+03 0.000000E+00 0.293737E+03 -.100301E+01 -.130706E+01 0.101445E+06 0.149125E-01
 466 0.000000E+00 0.385901E+03 0.000000E+00 0.293248E+03 -.964715E+00 -.175714E+01 0.101477E+06 0.148423E-01
 467 0.298966E+01 0.384759E+03 0.000000E+00 0.293031E+03 -.796857E+00 -.218583E+01 0.101507E+06 0.147845E-01
 468 0.177686E+02 0.384999E+03 0.000000E+00 0.293190E+03 -.560889E+00 -.251226E+01 0.101537E+06 0.147326E-01
 469 0.557104E+02 0.387220E+03 0.505867E-04 0.293832E+03 -.318266E+00 -.265558E+01 0.101566E+06 0.146806E-01
 470 0.116877E+03 0.391896E+03 0.505867E-04 0.295013E+03 -.121072E+00 -.256034E+01 0.101594E+06 0.146238E-01
 471 0.187939E+03 0.398766E+03 0.505867E-04 0.296595E+03 0.160964E-01 -.227282E+01 0.101619E+06 0.145642E-01
 472 0.253724E+03 0.406252E+03 0.505867E-04 0.298388E+03 0.880116E-01 -.186473E+01 0.101640E+06 0.145057E-01
 473 0.337536E+03 0.411620E+03 0.505867E-04 0.300204E+03 0.894469E-01 -.140776E+01 0.101653E+06 0.144517E-01
 474 0.498424E+03 0.412806E+03 0.505867E-04 0.301853E+03 0.151755E-01 -.973607E+00 0.101657E+06 0.144061E-01
 475 0.693028E+03 0.410658E+03 0.000000E+00 0.303148E+03 -.140029E+00 -.633984E+00 0.101649E+06 0.143725E-01
 476 0.776265E+03 0.408083E+03 0.000000E+00 0.303943E+03 -.372308E+00 -.440279E+00 0.101629E+06 0.143544E-01
 477 0.708771E+03 0.406724E+03 0.000000E+00 0.304264E+03 -.641457E+00 -.362659E+00 0.101599E+06 0.143546E-01
 478 0.562536E+03 0.406039E+03 0.000000E+00 0.304181E+03 -.898185E+00 -.350982E+00 0.101565E+06 0.143755E-01
 479 0.386491E+03 0.405310E+03 0.000000E+00 0.303762E+03 -.109320E+01 -.355107E+00 0.101533E+06 0.144198E-01
 480 0.210313E+03 0.404495E+03 0.000000E+00 0.303078E+03 -.117722E+01 -.324893E+00 0.101508E+06 0.144900E-01
 481 0.784611E+02 0.403245E+03 0.447918E-04 0.302197E+03 -.110094E+01 -.210199E+00 0.101494E+06 0.145885E-01
 482 0.158150E+02 0.400731E+03 0.447918E-04 0.301185E+03 -.832440E+00 0.272446E-01 0.101496E+06 0.147162E-01
 483 0.000000E+00 0.396716E+03 0.447918E-04 0.300094E+03 -.409248E+00 0.378221E+00 0.101510E+06 0.148666E-01
 484 0.000000E+00 0.392065E+03 0.447918E-04 0.298970E+03 0.113751E+00 0.821641E+00 0.101534E+06 0.150313E-01
 485 0.000000E+00 0.388123E+03 0.447918E-04 0.297860E+03 0.681668E+00 0.133642E+01 0.101562E+06 0.152021E-01
 486 0.000000E+00 0.385711E+03 0.447918E-04 0.296811E+03 0.123961E+01 0.190146E+01 0.101591E+06 0.153707E-01
 487 0.000000E+00 0.384481E+03 0.000000E+00 0.295871E+03 0.173270E+01 0.249568E+01 0.101617E+06 0.155287E-01
 488 0.000000E+00 0.383457E+03 0.000000E+00 0.295090E+03 0.211573E+01 0.309246E+01 0.101636E+06 0.156693E-01
 489 0.000000E+00 0.382316E+03 0.000000E+00 0.294526E+03 0.238222E+01 0.364301E+01 0.101650E+06 0.157904E-01
 490 0.000000E+00 0.381740E+03 0.000000E+00 0.294242E+03 0.253539E+01 0.409304E+01 0.101660E+06 0.158914E-01
 491 0.288249E+01 0.382665E+03 0.000000E+00 0.294299E+03 0.257845E+01 0.438822E+01 0.101667E+06 0.159717E-01
 492 0.174440E+02 0.385661E+03 0.000000E+00 0.294760E+03 0.251462E+01 0.447425E+01 0.101674E+06 0.160307E-01
 493 0.551208E+02 0.390865E+03 0.417895E-04 0.295686E+03 0.234709E+01 0.429681E+01 0.101682E+06 0.160677E-01
 494 0.116123E+03 0.398058E+03 0.417895E-04 0.297097E+03 0.208319E+01 0.382994E+01 0.101692E+06 0.160826E-01
 495 0.187161E+03 0.406667E+03 0.417895E-04 0.298850E+03 0.174657E+01 0.316095E+01 0.101702E+06 0.160770E-01
 496 0.252995E+03 0.415570E+03 0.417895E-04 0.300756E+03 0.136501E+01 0.240551E+01 0.101707E+06 0.160533E-01
 497 0.336816E+03 0.423000E+03 0.417895E-04 0.302629E+03 0.966244E+00 0.167928E+01 0.101704E+06 0.160135E-01
 498 0.497538E+03 0.427455E+03 0.417895E-04 0.304283E+03 0.578049E+00 0.109793E+01 0.101691E+06 0.159599E-01
 499 0.691842E+03 0.429037E+03 0.000000E+00 0.305530E+03 0.228180E+00 0.777120E+00 0.101664E+06 0.158946E-01
 500 0.774847E+03 0.429133E+03 0.000000E+00 0.306230E+03 -.584580E-01 0.796166E+00 0.101620E+06 0.158214E-01
 501 0.707236E+03 0.428576E+03 0.000000E+00 0.306427E+03 -.268378E+00 0.108904E+01 0.101566E+06 0.157492E-01
 502 0.560908E+03 0.426816E+03 0.000000E+00 0.306213E+03 -.390949E+00 0.155335E+01 0.101510E+06 0.156886E-01
 503 0.386209E+03 0.422801E+03 0.000000E+00 0.305678E+03 -.415538E+00 0.208674E+01 0.101457E+06 0.156500E-01
 504 0.214374E+03 0.416253E+03 0.000000E+00 0.304913E+03 -.331515E+00 0.258682E+01 0.101416E+06 0.156440E-01
 505 0.857978E+02 0.408298E+03 0.000000E+00 0.304009E+03 -.128247E+00 0.295121E+01 0.101394E+06 0.156811E-01
 506 0.209607E+02 0.400738E+03 0.000000E+00 0.303045E+03 0.196944E+00 0.310622E+01 0.101396E+06 0.157664E-01
 507 0.223570E+01 0.394599E+03 0.000000E+00 0.302062E+03 0.614924E+00 0.309286E+01 0.101416E+06 0.158845E-01
 508 0.000000E+00 0.390026E+03 0.000000E+00 0.301089E+03 0.108861E+01 0.298079E+01 0.101449E+06 0.160146E-01
 509 0.000000E+00 0.387309E+03 0.000000E+00 0.300155E+03 0.158091E+01 0.283970E+01 0.101487E+06 0.161357E-01
 510 0.000000E+00 0.386757E+03 0.000000E+00 0.299289E+03 0.205474E+01 0.273928E+01 0.101522E+06 0.162272E-01
 511 0.000000E+00 0.387527E+03 0.000000E+00 0.298521E+03 0.247301E+01 0.274919E+01 0.101546E+06 0.162682E-01
 512 0.000000E+00 0.387955E+03 0.000000E+00 0.297879E+03 0.280674E+01 0.291811E+01 0.101556E+06 0.162476E-01
 513 0.000000E+00 0.387393E+03 0.000000E+00 0.297391E+03 0.305928E+01 0.321064E+01 0.101553E+06 0.161932E-01
 514 0.000000E+00 0.386985E+03 0.000000E+00 0.297084E+03 0.324211E+01 0.357034E+01 0.101540E+06 0.161425E-01
 515 0.277947E+01 0.388695E+03 0.000000E+00 0.296985E+03 0.336670E+01 0.394080E+01 0.101521E+06 0.161330E-01
 516 0.171240E+02 0.393665E+03 0.000000E+00 0.297123E+03 0.344449E+01 0.426560E+01 0.101501E+06 0.162023E-01
 517 0.545298E+02 0.401089E+03 0.287228E-03 0.297524E+03 0.348696E+01 0.448831E+01 0.101482E+06 0.163878E-01
 518 0.115360E+03 0.408937E+03 0.287228E-03 0.298195E+03 0.350326E+01 0.456755E+01 0.101467E+06 0.167105E-01
 519 0.186370E+03 0.415876E+03 0.287228E-03 0.299063E+03 0.349322E+01 0.452204E+01 0.101456E+06 0.171252E-01
 520 0.252252E+03 0.421639E+03 0.287228E-03 0.300033E+03 0.345437E+01 0.438554E+01 0.101447E+06 0.175703E-01
 521 0.303048E+03 0.425809E+03 0.287228E-03 0.301010E+03 0.338424E+01 0.419180E+01 0.101436E+06 0.179842E-01
 522 0.333198E+03 0.427744E+03 0.287228E-03 0.301901E+03 0.328036E+01 0.397457E+01 0.101423E+06 0.183051E-01
 523 0.339817E+03 0.427771E+03 0.112057E-03 0.302612E+03 0.314024E+01 0.376761E+01 0.101406E+06 0.184714E-01
 524 0.322296E+03 0.427123E+03 0.112057E-03 0.303066E+03 0.296895E+01 0.359599E+01 0.101382E+06 0.184415E-01
 525 0.282249E+03 0.426506E+03 0.112057E-03 0.303265E+03 0.280168E+01 0.345008E+01 0.101356E+06 0.182535E-01
 526 0.223678E+03 0.425708E+03 0.112057E-03 0.303227E+03 0.268118E+01 0.331156E+01 0.101331E+06 0.179659E-01
 527 0.153783E+03 0.424512E+03 0.112057E-03 0.302972E+03 0.265018E+01 0.316212E+01 0.101311E+06 0.176369E-01
 528 0.851327E+02 0.423001E+03 0.112057E-03 0.302518E+03 0.275142E+01 0.298342E+01 0.101300E+06 0.173249E-01
 529 0.339180E+02 0.420997E+03 0.469994E-04 0.301885E+03 0.302763E+01 0.275717E+01 0.101302E+06 0.170880E-01
 530 0.822383E+01 0.418030E+03 0.469994E-04 0.301099E+03 0.349392E+01 0.246794E+01 0.101320E+06 0.169685E-01
 531 0.000000E+00 0.414139E+03 0.469994E-04 0.300207E+03 0.405488E+01 0.211193E+01 0.101351E+06 0.169435E-01
 532 0.000000E+00 0.410644E+03 0.469994E-04 0.299265E+03 0.458748E+01 0.168823E+01 0.101389E+06 0.169742E-01
 533 0.000000E+00 0.410011E+03 0.469994E-04 0.298329E+03 0.496869E+01 0.119594E+01 0.101430E+06 0.170216E-01
 534 0.000000E+00 0.413761E+03 0.469994E-04 0.297453E+03 0.507547E+01 0.634149E+00 0.101471E+06 0.170468E-01
 535 0.000000E+00 0.420019E+03 0.378158E-04 0.296693E+03 0.478478E+01 0.196371E-02 0.101505E+06 0.170109E-01
 536 0.000000E+00 0.424813E+03 0.378158E-04 0.296095E+03 0.402207E+01 -.693544E+00 0.101530E+06 0.168867E-01
 537 0.000000E+00 0.426179E+03 0.378158E-04 0.295671E+03 0.290662E+01 -.141338E+01 0.101548E+06 0.166945E-01
 538 0.000000E+00 0.425089E+03 0.378158E-04 0.295423E+03 0.160622E+01 -.211055E+01 0.101562E+06 0.164664E-01
 539 0.248054E+01 0.422807E+03 0.378158E-04 0.295355E+03 0.288634E+00 -.273809E+01 0.101577E+06 0.162345E-01
 540 0.165083E+02 0.419812E+03 0.378158E-04 0.295470E+03 -.878371E+00 -.324902E+01 0.101594E+06 0.160307E-01
 541 0.537372E+02 0.417058E+03 0.211309E-03 0.295770E+03 -.172702E+01 -.359635E+01 0.101619E+06 0.158872E-01
 542 0.114538E+03 0.416063E+03 0.211309E-03 0.296247E+03 -.213385E+01 -.375235E+01 0.101653E+06 0.158268E-01
 543 0.185567E+03 0.417337E+03 0.211309E-03 0.296843E+03 -.215260E+01 -.376619E+01 0.101693E+06 0.158352E-01
 544 0.251493E+03 0.419665E+03 0.211309E-03 0.297488E+03 -.188131E+01 -.370631E+01 0.101734E+06 0.158888E-01
 545 0.302348E+03 0.421008E+03 0.211309E-03 0.298115E+03 -.141804E+01 -.364112E+01 0.101770E+06 0.159640E-01
 546 0.332541E+03 0.420066E+03 0.211309E-03 0.298652E+03 -.860830E+00 -.363906E+01 0.101799E+06 0.160372E-01
 547 0.339179E+03 0.417363E+03 0.353676E-03 0.299031E+03 -.307721E+00 -.376853E+01 0.101814E+06 0.160850E-01
 548 0.321650E+03 0.414553E+03 0.353676E-03 0.299199E+03 0.154625E+00 -.407197E+01 0.101814E+06 0.160862E-01
 549 0.281571E+03 0.412446E+03 0.353676E-03 0.299169E+03 0.485092E+00 -.448777E+01 0.101802E+06 0.160295E-01
 550 0.222957E+03 0.410179E+03 0.353676E-03 0.298970E+03 0.653950E+00 -.492836E+01 0.101786E+06 0.159061E-01
 551 0.154302E+03 0.406158E+03 0.353676E-03 0.298633E+03 0.631469E+00 -.530614E+01 0.101771E+06 0.157072E-01
 552 0.895043E+02 0.399613E+03 0.353676E-03 0.298187E+03 0.387919E+00 -.553351E+01 0.101765E+06 0.154241E-01
 553 0.410251E+02 0.391543E+03 0.000000E+00 0.297661E+03 -.106428E+00 -.552290E+01 0.101774E+06 0.150478E-01
 554 0.130740E+02 0.383903E+03 0.000000E+00 0.297080E+03 -.859424E+00 -.521917E+01 0.101803E+06 0.145757E-01
 555 0.209008E+01 0.377662E+03 0.000000E+00 0.296444E+03 -.179140E+01 -.469718E+01 0.101847E+06 0.140289E-01
 556 0.000000E+00 0.372237E+03 0.000000E+00 0.295749E+03 -.280082E+01 -.406421E+01 0.101901E+06 0.134349E-01
 557 0.000000E+00 0.366608E+03 0.000000E+00 0.294989E+03 -.378612E+01 -.342759E+01 0.101959E+06 0.128208E-01
 558 0.000000E+00 0.360327E+03 0.000000E+00 0.294159E+03 -.464578E+01 -.289463E+01 0.102014E+06 0.122140E-01
 559 0.000000E+00 0.353686E+03 0.000000E+00 0.293254E+03 -.527823E+01 -.257263E+01 0.102060E+06 0.116417E-01
 560 0.000000E+00 0.347366E+03 0.000000E+00 0.292290E+03 -.561005E+01 -.253762E+01 0.102093E+06 0.111271E-01
 561 0.000000E+00 0.341966E+03 0.000000E+00 0.291365E+03 -.568027E+01 -.274050E+01 0.102115E+06 0.106767E-01
 562 0.000000E+00 0.337899E+03 0.000000E+00 0.290595E+03 -.555603E+01 -.310088E+01 0.102127E+06 0.102925E-01
 563 0.603833E+01 0.335623E+03 0.000000E+00 0.290101E+03 -.530445E+01 -.353836E+01 0.102134E+06 0.997705E-02
 564 0.406045E+02 0.335614E+03 0.000000E+00 0.289999E+03 -.499269E+01 -.397255E+01 0.102139E+06 0.973244E-02
 565 0.132933E+03 0.338026E+03 0.000000E+00 0.290408E+03 -.468788E+01 -.432307E+01 0.102143E+06 0.956095E-02
 566 0.284414E+03 0.342583E+03 0.000000E+00 0.291396E+03 -.443996E+01 -.452671E+01 0.102150E+06 0.946340E-02
 567 0.461877E+03 0.348729E+03 0.000000E+00 0.292823E+03 -.423005E+01 -.458900E+01 0.102157E+06 0.943479E-02
 568 0.626800E+03 0.355427E+03 0.000000E+00 0.294503E+03 -.402205E+01 -.453269E+01 0.102161E+06 0.946863E-02
 569 0.754073E+03 0.360918E+03 0.000000E+00 0.296247E+03 -.377989E+01 -.438048E+01 0.102158E+06 0.955848E-02
 570 0.829657E+03 0.363707E+03 0.000000E+00 0.297865E+03 -.346746E+01 -.415512E+01 0.102146E+06 0.969786E-02
 571 0.846292E+03 0.364172E+03 0.000000E+00 0.299169E+03 -.304870E+01 -.387932E+01 0.102120E+06 0.988031E-02
 572 0.802440E+03 0.364095E+03 0.000000E+00 0.300011E+03 -.250643E+01 -.357406E+01 0.102080E+06 0.100967E-01
 573 0.702153E+03 0.364417E+03 0.000000E+00 0.300401E+03 -.189924E+01 -.325334E+01 0.102031E+06 0.103271E-01
 574 0.555504E+03 0.364530E+03 0.000000E+00 0.300389E+03 -.130465E+01 -.292938E+01 0.101977E+06 0.105489E-01
 575 0.380697E+03 0.363589E+03 0.000000E+00 0.300025E+03 -.800158E+00 -.261442E+01 0.101927E+06 0.107395E-01
 576 0.209540E+03 0.361352E+03 0.000000E+00 0.299360E+03 -.463289E+00 -.232070E+01 0.101886E+06 0.108764E-01
 577 0.826704E+02 0.357876E+03 0.000000E+00 0.298444E+03 -.371553E+00 -.206047E+01 0.101860E+06 0.109369E-01
 578 0.197161E+02 0.353250E+03 0.000000E+00 0.297330E+03 -.572311E+00 -.184551E+01 0.101854E+06 0.109068E-01
 579 0.201420E+01 0.347812E+03 0.000000E+00 0.296087E+03 -.992320E+00 -.168591E+01 0.101863E+06 0.108055E-01
 580 0.000000E+00 0.342526E+03 0.000000E+00 0.294786E+03 -.152819E+01 -.159131E+01 0.101883E+06 0.106604E-01
 581 0.000000E+00 0.339001E+03 0.000000E+00 0.293499E+03 -.207651E+01 -.157135E+01 0.101906E+06 0.104993E-01
 582 0.000000E+00 0.338333E+03 0.000000E+00 0.292297E+03 -.253391E+01 -.163568E+01 0.101926E+06 0.103499E-01
 583 0.000000E+00 0.339634E+03 0.000000E+00 0.291252E+03 -.279698E+01 -.179393E+01 0.101938E+06 0.102397E-01
 584 0.000000E+00 0.340758E+03 0.000000E+00 0.290430E+03 -.279189E+01 -.204712E+01 0.101937E+06 0.101891E-01
 585 0.000000E+00 0.340720E+03 0.000000E+00 0.289873E+03 -.256311E+01 -.236170E+01 0.101925E+06 0.101897E-01
 586 0.000000E+00 0.340318E+03 0.000000E+00 0.289618E+03 -.218463E+01 -.269549E+01 0.101906E+06 0.102255E-01
 587 0.587916E+01 0.340634E+03 0.000000E+00 0.289701E+03 -.173047E+01 -.300630E+01 0.101882E+06 0.102807E-01
 588 0.399404E+02 0.342171E+03 0.000000E+00 0.290160E+03 -.127466E+01 -.325195E+01 0.101859E+06 0.103397E-01
 589 0.131515E+03 0.345250E+03 0.000000E+00 0.291030E+03 -.891209E+00 -.339026E+01 0.101838E+06 0.103864E-01
 590 0.282460E+03 0.350161E+03 0.000000E+00 0.292317E+03 -.637441E+00 -.338879E+01 0.101824E+06 0.104109E-01
 591 0.459805E+03 0.356732E+03 0.000000E+00 0.293899E+03 -.503946E+00 -.325410E+01 0.101813E+06 0.104257E-01
 592 0.624830E+03 0.364015E+03 0.000000E+00 0.295622E+03 -.464623E+00 -.300248E+01 0.101802E+06 0.104493E-01
 593 0.752234E+03 0.370510E+03 0.000000E+00 0.297335E+03 -.493372E+00 -.265022E+01 0.101787E+06 0.104999E-01
 594 0.827911E+03 0.375038E+03 0.000000E+00 0.298882E+03 -.564095E+00 -.221363E+01 0.101766E+06 0.105960E-01
 595 0.844574E+03 0.377679E+03 0.000000E+00 0.300111E+03 -.650691E+00 -.170901E+01 0.101734E+06 0.107558E-01
 596 0.800681E+03 0.379432E+03 0.000000E+00 0.300904E+03 -.730649E+00 -.115436E+01 0.101690E+06 0.109900E-01
 597 0.700296E+03 0.380924E+03 0.000000E+00 0.301283E+03 -.795817E+00 -.574523E+00 0.101638E+06 0.112774E-01
 598 0.553527E+03 0.382271E+03 0.000000E+00 0.301306E+03 -.841633E+00 0.392458E-02 0.101582E+06 0.115891E-01
 599 0.378687E+03 0.383990E+03 0.000000E+00 0.301029E+03 -.863534E+00 0.554425E+00 0.101529E+06 0.118964E-01
 600 0.207792E+03 0.386603E+03 0.000000E+00 0.300511E+03 -.856957E+00 0.105042E+01 0.101482E+06 0.121704E-01
 601 0.815511E+02 0.389193E+03 0.000000E+00 0.299809E+03 -.817339E+00 0.146534E+01 0.101446E+06 0.123821E-01
 602 0.192754E+02 0.389837E+03 0.000000E+00 0.298979E+03 -.738807E+00 0.178218E+01 0.101427E+06 0.125107E-01
 603 0.193654E+01 0.387822E+03 0.000000E+00 0.298073E+03 -.610241E+00 0.202216E+01 0.101421E+06 0.125670E-01
 604 0.000000E+00 0.384560E+03 0.000000E+00 0.297142E+03 -.419210E+00 0.221603E+01 0.101423E+06 0.125700E-01
 605 0.000000E+00 0.382394E+03 0.000000E+00 0.296235E+03 -.153285E+00 0.239457E+01 0.101431E+06 0.125386E-01
 606 0.000000E+00 0.382707E+03 0.000000E+00 0.295404E+03 0.199965E+00 0.258853E+01 0.101440E+06 0.124916E-01
 607 0.000000E+00 0.384730E+03 0.000000E+00 0.294698E+03 0.652970E+00 0.282869E+01 0.101446E+06 0.124480E-01
 608 0.000000E+00 0.386489E+03 0.000000E+00 0.294165E+03 0.121018E+01 0.313538E+01 0.101447E+06 0.124246E-01
 609 0.000000E+00 0.387083E+03 0.000000E+00 0.293828E+03 0.184416E+01 0.348725E+01 0.101442E+06 0.124302E-01
 610 0.000000E+00 0.387290E+03 0.000000E+00 0.293709E+03 0.251948E+01 0.385251E+01 0.101433E+06 0.124720E-01
 611 0.572392E+01 0.388228E+03 0.000000E+00 0.293829E+03 0.320071E+01 0.419939E+01 0.101422E+06 0.125568E-01
 612 0.392789E+02 0.390441E+03 0.000000E+00 0.294209E+03 0.385243E+01 0.449611E+01 0.101409E+06 0.126916E-01
 613 0.130088E+03 0.394080E+03 0.000000E+00 0.294868E+03 0.443922E+01 0.471089E+01 0.101397E+06 0.128832E-01
 614 0.280485E+03 0.399108E+03 0.000000E+00 0.295806E+03 0.493354E+01 0.481966E+01 0.101386E+06 0.131357E-01
 615 0.457703E+03 0.405247E+03 0.000000E+00 0.296929E+03 0.533939E+01 0.482922E+01 0.101376E+06 0.134411E-01
 616 0.622823E+03 0.411987E+03 0.000000E+00 0.298122E+03 0.566865E+01 0.475408E+01 0.101367E+06 0.137885E-01
 617 0.717571E+03 0.418737E+03 0.000000E+00 0.299268E+03 0.593322E+01 0.460877E+01 0.101356E+06 0.141671E-01
 618 0.663933E+03 0.424890E+03 0.000000E+00 0.300252E+03 0.614497E+01 0.440779E+01 0.101345E+06 0.145661E-01
 619 0.494775E+03 0.429825E+03 0.708412E-04 0.300958E+03 0.631580E+01 0.416566E+01 0.101331E+06 0.149744E-01
 620 0.351666E+03 0.433056E+03 0.708412E-04 0.301301E+03 0.645340E+01 0.389857E+01 0.101315E+06 0.153802E-01
 621 0.279343E+03 0.434428E+03 0.708412E-04 0.301318E+03 0.654878E+01 0.362942E+01 0.101297E+06 0.157672E-01
 622 0.220585E+03 0.434059E+03 0.708412E-04 0.301077E+03 0.658873E+01 0.338278E+01 0.101281E+06 0.161179E-01
 623 0.150637E+03 0.432114E+03 0.708412E-04 0.300646E+03 0.656007E+01 0.318322E+01 0.101267E+06 0.164150E-01
 624 0.823911E+02 0.428842E+03 0.708412E-04 0.300092E+03 0.644962E+01 0.305532E+01 0.101258E+06 0.166411E-01
 625 0.321583E+02 0.424802E+03 0.522755E-04 0.299484E+03 0.624418E+01 0.302365E+01 0.101256E+06 0.167788E-01
 626 0.752926E+01 0.420716E+03 0.522755E-04 0.298879E+03 0.594085E+01 0.310195E+01 0.101261E+06 0.168172E-01
 627 0.000000E+00 0.417023E+03 0.522755E-04 0.298296E+03 0.557782E+01 0.326068E+01 0.101272E+06 0.167706E-01
 628 0.000000E+00 0.413832E+03 0.522755E-04 0.297743E+03 0.520357E+01 0.345944E+01 0.101286E+06 0.166602E-01
 629 0.000000E+00 0.411265E+03 0.522755E-04 0.297229E+03 0.486658E+01 0.365786E+01 0.101301E+06 0.165069E-01
 630 0.000000E+00 0.409463E+03 0.522755E-04 0.296763E+03 0.461533E+01 0.381555E+01 0.101314E+06 0.163315E-01
 631 0.000000E+00 0.408252E+03 0.253872E-05 0.296352E+03 0.449830E+01 0.389214E+01 0.101322E+06 0.161552E-01
 632 0.000000E+00 0.407247E+03 0.253872E-05 0.296010E+03 0.454662E+01 0.385999E+01 0.101324E+06 0.159974E-01
 633 0.000000E+00 0.406382E+03 0.253872E-05 0.295764E+03 0.472202E+01 0.374244E+01 0.101321E+06 0.158724E-01
 634 0.000000E+00 0.406167E+03 0.253872E-05 0.295647E+03 0.496889E+01 0.357557E+01 0.101317E+06 0.157931E-01
 635 0.222904E+01 0.407426E+03 0.253872E-05 0.295692E+03 0.523161E+01 0.339548E+01 0.101312E+06 0.157725E-01
 636 0.154481E+02 0.410687E+03 0.253872E-05 0.295931E+03 0.545456E+01 0.323825E+01 0.101311E+06 0.158234E-01
 637 0.514620E+02 0.415655E+03 0.491407E-04 0.296395E+03 0.558212E+01 0.313997E+01 0.101316E+06 0.159587E-01
 638 0.111396E+03 0.421443E+03 0.491407E-04 0.297097E+03 0.556938E+01 0.312825E+01 0.101328E+06 0.161842E-01
 639 0.182229E+03 0.427281E+03 0.491407E-04 0.297971E+03 0.541417E+01 0.319683E+01 0.101343E+06 0.164771E-01
 640 0.248312E+03 0.432375E+03 0.491407E-04 0.298930E+03 0.512504E+01 0.333096E+01 0.101357E+06 0.168073E-01
 641 0.299370E+03 0.435273E+03 0.491407E-04 0.299888E+03 0.471053E+01 0.351589E+01 0.101365E+06 0.171447E-01
 642 0.329704E+03 0.434802E+03 0.491407E-04 0.300757E+03 0.417917E+01 0.373690E+01 0.101362E+06 0.174594E-01
 643 0.336380E+03 0.431944E+03 0.121108E-03 0.301451E+03 0.353950E+01 0.397923E+01 0.101344E+06 0.177213E-01
 644 0.318779E+03 0.429243E+03 0.121108E-03 0.301904E+03 0.281618E+01 0.423127E+01 0.101308E+06 0.179063E-01
 645 0.278534E+03 0.427983E+03 0.121108E-03 0.302129E+03 0.209829E+01 0.449395E+01 0.101258E+06 0.180131E-01
 646 0.219723E+03 0.427063E+03 0.121108E-03 0.302160E+03 0.149105E+01 0.477133E+01 0.101203E+06 0.180464E-01
 647 0.150830E+03 0.424492E+03 0.121108E-03 0.302030E+03 0.109967E+01 0.506745E+01 0.101149E+06 0.180111E-01
 648 0.859028E+02 0.419341E+03 0.121108E-03 0.301771E+03 0.102934E+01 0.538637E+01 0.101103E+06 0.179118E-01
 649 0.380779E+02 0.412643E+03 0.000000E+00 0.301419E+03 0.138529E+01 0.573214E+01 0.101073E+06 0.177531E-01
 650 0.116079E+02 0.406441E+03 0.000000E+00 0.301003E+03 0.222821E+01 0.610281E+01 0.101063E+06 0.175423E-01
 651 0.177660E+01 0.401894E+03 0.000000E+00 0.300547E+03 0.344080E+01 0.647239E+01 0.101070E+06 0.172962E-01
 652 0.000000E+00 0.399015E+03 0.000000E+00 0.300070E+03 0.486126E+01 0.680888E+01 0.101091E+06 0.170342E-01
 653 0.000000E+00 0.397946E+03 0.000000E+00 0.299592E+03 0.632778E+01 0.708027E+01 0.101119E+06 0.167755E-01
 654 0.000000E+00 0.398958E+03 0.000000E+00 0.299135E+03 0.767857E+01 0.725456E+01 0.101150E+06 0.165396E-01
 655 0.000000E+00 0.401186E+03 0.000000E+00 0.298718E+03 0.875182E+01 0.729976E+01 0.101180E+06 0.163458E-01
 656 0.000000E+00 0.402915E+03 0.000000E+00 0.298362E+03 0.942421E+01 0.719475E+01 0.101203E+06 0.162113E-01
 657 0.000000E+00 0.403416E+03 0.000000E+00 0.298094E+03 0.972641E+01 0.696198E+01 0.101222E+06 0.161445E-01
 658 0.000000E+00 0.403635E+03 0.000000E+00 0.297943E+03 0.972756E+01 0.663478E+01 0.101236E+06 0.161518E-01
 659 0.225138E+01 0.405135E+03 0.000000E+00 0.297934E+03 0.949682E+01 0.624651E+01 0.101247E+06 0.162394E-01
 660 0.153079E+02 0.408784E+03 0.000000E+00 0.298097E+03 0.910332E+01 0.583049E+01 0.101258E+06 0.164138E-01
 661 0.509674E+02 0.414158E+03 0.143294E-03 0.298460E+03 0.861622E+01 0.542008E+01 0.101269E+06 0.166813E-01
 662 0.110610E+03 0.420059E+03 0.143294E-03 0.299033E+03 0.809467E+01 0.504088E+01 0.101281E+06 0.170385E-01
 663 0.181364E+03 0.425602E+03 0.143294E-03 0.299763E+03 0.755780E+01 0.468761E+01 0.101292E+06 0.174441E-01
 664 0.247479E+03 0.430220E+03 0.143294E-03 0.300583E+03 0.701474E+01 0.434727E+01 0.101301E+06 0.178470E-01
 665 0.298581E+03 0.432862E+03 0.143294E-03 0.301422E+03 0.647463E+01 0.400684E+01 0.101304E+06 0.181962E-01
 666 0.328942E+03 0.432610E+03 0.143294E-03 0.302211E+03 0.594659E+01 0.365333E+01 0.101300E+06 0.184407E-01
 667 0.335618E+03 0.430291E+03 0.270649E-04 0.302882E+03 0.543977E+01 0.327372E+01 0.101285E+06 0.185294E-01
 668 0.317987E+03 0.428028E+03 0.270649E-04 0.303377E+03 0.496643E+01 0.286559E+01 0.101259E+06 0.184285E-01
 669 0.277692E+03 0.426929E+03 0.270649E-04 0.303681E+03 0.455143E+01 0.246879E+01 0.101225E+06 0.181721E-01
 670 0.218826E+03 0.426463E+03 0.270649E-04 0.303795E+03 0.422276E+01 0.213379E+01 0.101188E+06 0.178116E-01
 671 0.149875E+03 0.425907E+03 0.270649E-04 0.303715E+03 0.400842E+01 0.191102E+01 0.101152E+06 0.173983E-01
 672 0.849286E+02 0.425045E+03 0.270649E-04 0.303439E+03 0.393639E+01 0.185094E+01 0.101123E+06 0.169836E-01
 673 0.372939E+02 0.423566E+03 0.000000E+00 0.302966E+03 0.403467E+01 0.200398E+01 0.101103E+06 0.166187E-01
 674 0.112224E+02 0.420943E+03 0.000000E+00 0.302305E+03 0.431693E+01 0.239836E+01 0.101098E+06 0.163428E-01
 675 0.169477E+01 0.417137E+03 0.000000E+00 0.301501E+03 0.473953E+01 0.297334E+01 0.101104E+06 0.161464E-01
 676 0.000000E+00 0.413122E+03 0.000000E+00 0.300613E+03 0.524450E+01 0.364595E+01 0.101121E+06 0.160079E-01
 677 0.000000E+00 0.410605E+03 0.000000E+00 0.299698E+03 0.577389E+01 0.433322E+01 0.101145E+06 0.159054E-01
 678 0.000000E+00 0.410675E+03 0.000000E+00 0.298813E+03 0.626972E+01 0.495218E+01 0.101174E+06 0.158174E-01
 679 0.000000E+00 0.412401E+03 0.101549E-04 0.298015E+03 0.667404E+01 0.541986E+01 0.101205E+06 0.157221E-01
 680 0.000000E+00 0.413644E+03 0.101549E-04 0.297359E+03 0.694022E+01 0.567678E+01 0.101235E+06 0.156066E-01
 681 0.000000E+00 0.413423E+03 0.101549E-04 0.296888E+03 0.706700E+01 0.575748E+01 0.101262E+06 0.154931E-01
 682 0.000000E+00 0.412309E+03 0.101549E-04 0.296642E+03 0.706446E+01 0.571999E+01 0.101282E+06 0.154126E-01
 683 0.211251E+01 0.410796E+03 0.101549E-04 0.296662E+03 0.694268E+01 0.562234E+01 0.101292E+06 0.153961E-01
 684 0.149249E+02 0.409054E+03 0.101549E-04 0.296989E+03 0.671176E+01 0.552256E+01 0.101288E+06 0.154745E-01
 685 0.503078E+02 0.408191E+03 0.216828E-03 0.297662E+03 0.638176E+01 0.547868E+01 0.101268E+06 0.156788E-01
 686 0.109776E+03 0.409934E+03 0.216828E-03 0.298687E+03 0.597127E+01 0.552838E+01 0.101230E+06 0.160252E-01
 687 0.180488E+03 0.414697E+03 0.216828E-03 0.299925E+03 0.553277E+01 0.562796E+01 0.101179E+06 0.164709E-01
 688 0.246633E+03 0.421023E+03 0.216828E-03 0.301201E+03 0.512726E+01 0.571337E+01 0.101122E+06 0.169582E-01
 689 0.297775E+03 0.426851E+03 0.216828E-03 0.302341E+03 0.481572E+01 0.572056E+01 0.101067E+06 0.174295E-01
 690 0.328158E+03 0.430670E+03 0.216828E-03 0.303172E+03 0.465915E+01 0.558547E+01 0.101021E+06 0.178273E-01
 691 0.334829E+03 0.431801E+03 0.150733E-03 0.303518E+03 0.471853E+01 0.524405E+01 0.100990E+06 0.180938E-01
 692 0.317166E+03 0.430255E+03 0.150733E-03 0.303262E+03 0.503019E+01 0.465657E+01 0.100981E+06 0.181868E-01
 693 0.276817E+03 0.426519E+03 0.150733E-03 0.302511E+03 0.553191E+01 0.388063E+01 0.100990E+06 0.181254E-01
 694 0.217893E+03 0.421687E+03 0.150733E-03 0.301430E+03 0.613678E+01 0.299814E+01 0.101014E+06 0.179438E-01
 695 0.147918E+03 0.417608E+03 0.150733E-03 0.300183E+03 0.675792E+01 0.209102E+01 0.101047E+06 0.176765E-01
 696 0.800581E+02 0.415779E+03 0.150733E-03 0.298933E+03 0.730845E+01 0.124117E+01 0.101084E+06 0.173577E-01
 697 0.306907E+02 0.415711E+03 0.270428E-04 0.297845E+03 0.770147E+01 0.530517E+00 0.101123E+06 0.170218E-01
 698 0.696230E+01 0.415452E+03 0.270428E-04 0.297043E+03 0.787003E+01 0.236368E-01 0.101158E+06 0.166993E-01
 699 0.000000E+00 0.413885E+03 0.270428E-04 0.296495E+03 0.782688E+01 -.284249E+00 0.101191E+06 0.164046E-01
 700 0.000000E+00 0.411269E+03 0.270428E-04 0.296129E+03 0.760469E+01 -.415258E+00 0.101222E+06 0.161483E-01
 701 0.000000E+00 0.407799E+03 0.270428E-04 0.295871E+03 0.723615E+01 -.391507E+00 0.101255E+06 0.159409E-01
 702 0.000000E+00 0.403286E+03 0.270428E-04 0.295649E+03 0.675392E+01 -.235113E+00 0.101290E+06 0.157932E-01
 703 0.000000E+00 0.398250E+03 0.260494E-05 0.295392E+03 0.619070E+01 0.318072E-01 0.101329E+06 0.157155E-01
 704 0.000000E+00 0.393963E+03 0.260494E-05 0.295055E+03 0.558090E+01 0.380242E+00 0.101373E+06 0.157111E-01
 705 0.000000E+00 0.391205E+03 0.260494E-05 0.294705E+03 0.496594E+01 0.753602E+00 0.101420E+06 0.157530E-01
 706 0.000000E+00 0.389732E+03 0.260494E-05 0.294436E+03 0.438895E+01 0.108840E+01 0.101467E+06 0.158070E-01
 707 0.205641E+01 0.388962E+03 0.260494E-05 0.294344E+03 0.389308E+01 0.132116E+01 0.101511E+06 0.158388E-01
 708 0.146652E+02 0.388767E+03 0.260494E-05 0.294523E+03 0.352149E+01 0.138838E+01 0.101551E+06 0.158141E-01
 709 0.497272E+02 0.389714E+03 0.540967E-04 0.295068E+03 0.331733E+01 0.122659E+01 0.101583E+06 0.156986E-01
 710 0.108955E+03 0.392555E+03 0.540967E-04 0.296035E+03 0.330397E+01 0.798927E+00 0.101606E+06 0.154702E-01
 711 0.179600E+03 0.397358E+03 0.540967E-04 0.297318E+03 0.342580E+01 0.175031E+00 0.101619E+06 0.151565E-01
 712 0.245771E+03 0.403153E+03 0.540967E-04 0.298773E+03 0.360739E+01 -.548827E+00 0.101624E+06 0.147972E-01
 713 0.329445E+03 0.408381E+03 0.540967E-04 0.300254E+03 0.377337E+01 -.127638E+01 0.101621E+06 0.144321E-01
 714 0.488092E+03 0.411861E+03 0.540967E-04 0.301617E+03 0.384832E+01 -.191136E+01 0.101612E+06 0.141010E-01
 715 0.678812E+03 0.413615E+03 0.000000E+00 0.302717E+03 0.375684E+01 -.235749E+01 0.101596E+06 0.138436E-01
 716 0.758945E+03 0.414506E+03 0.000000E+00 0.303437E+03 0.345008E+01 -.254545E+01 0.101577E+06 0.136894E-01
 717 0.689769E+03 0.414913E+03 0.000000E+00 0.303776E+03 0.298529E+01 -.251361E+01 0.101555E+06 0.136266E-01
 718 0.542311E+03 0.414093E+03 0.000000E+00 0.303761E+03 0.244627E+01 -.232731E+01 0.101534E+06 0.136330E-01
 719 0.367361E+03 0.410766E+03 0.000000E+00 0.303418E+03 0.191681E+01 -.205187E+01 0.101515E+06 0.136866E-01
 720 0.198076E+03 0.404326E+03 0.000000E+00 0.302773E+03 0.148071E+01 -.175259E+01 0.101501E+06 0.137651E-01
 721 0.754419E+02 0.395761E+03 0.000000E+00 0.301855E+03 0.122177E+01 -.149482E+01 0.101494E+06 0.138465E-01
 722 0.169163E+02 0.387002E+03 0.000000E+00 0.300699E+03 0.119545E+01 -.132858E+01 0.101497E+06 0.139134E-01
 723 0.152845E+01 0.379284E+03 0.000000E+00 0.299386E+03 0.134397E+01 -.124282E+01 0.101508E+06 0.139679E-01
 724 0.000000E+00 0.372858E+03 0.000000E+00 0.298005E+03 0.158119E+01 -.121117E+01 0.101526E+06 0.140170E-01
 725 0.000000E+00 0.368067E+03 0.000000E+00 0.296649E+03 0.182099E+01 -.120730E+01 0.101549E+06 0.140674E-01
 726 0.000000E+00 0.365386E+03 0.000000E+00 0.295406E+03 0.197725E+01 -.120485E+01 0.101574E+06 0.141262E-01
 727 0.000000E+00 0.364387E+03 0.000000E+00 0.294367E+03 0.196385E+01 -.117747E+01 0.101601E+06 0.142001E-01
 728 0.000000E+00 0.363893E+03 0.000000E+00 0.293609E+03 0.172379E+01 -.110545E+01 0.101626E+06 0.142926E-01
 729 0.000000E+00 0.363396E+03 0.000000E+00 0.293155E+03 0.131655E+01 -.995583E+00 0.101650E+06 0.143923E-01
 730 0.000000E+00 0.363640E+03 0.000000E+00 0.293014E+03 0.830743E+00 -.861302E+00 0.101671E+06 0.144846E-01
 731 0.500413E+01 0.365855E+03 0.000000E+00 0.293196E+03 0.354971E+00 -.716039E+00 0.101686E+06 0.145546E-01
 732 0.360167E+02 0.370690E+03 0.000000E+00 0.293710E+03 -.221568E-01 -.573226E+00 0.101696E+06 0.145874E-01
 733 0.122862E+03 0.377644E+03 0.000000E+00 0.294564E+03 -.212032E+00 -.446295E+00 0.101697E+06 0.145684E-01
 734 0.270318E+03 0.385532E+03 0.000000E+00 0.295752E+03 -.152310E+00 -.345217E+00 0.101690E+06 0.144880E-01
 735 0.446752E+03 0.393502E+03 0.000000E+00 0.297203E+03 0.114306E+00 -.266123E+00 0.101677E+06 0.143576E-01
 736 0.612236E+03 0.401028E+03 0.000000E+00 0.298830E+03 0.518853E+00 -.201686E+00 0.101659E+06 0.141938E-01
 737 0.707850E+03 0.407110E+03 0.000000E+00 0.300543E+03 0.992364E+00 -.144577E+00 0.101638E+06 0.140133E-01
 738 0.655961E+03 0.410846E+03 0.000000E+00 0.302257E+03 0.146588E+01 -.874683E-01 0.101618E+06 0.138329E-01
 739 0.489016E+03 0.412980E+03 0.896719E-04 0.303883E+03 0.187042E+01 -.230312E-01 0.101599E+06 0.136691E-01
 740 0.347199E+03 0.415415E+03 0.896719E-04 0.305335E+03 0.213704E+01 0.560624E-01 0.101586E+06 0.135387E-01
 741 0.274965E+03 0.418912E+03 0.896719E-04 0.306523E+03 0.219676E+01 0.157141E+00 0.101579E+06 0.134582E-01
 742 0.215920E+03 0.422480E+03 0.896719E-04 0.307361E+03 0.198062E+01 0.287532E+00 0.101581E+06 0.134445E-01
 743 0.144716E+03 0.425014E+03 0.896719E-04 0.307761E+03 0.141966E+01 0.454564E+00 0.101595E+06 0.135141E-01
 744 0.681113E+02 0.426566E+03 0.896719E-04 0.307636E+03 0.444910E+00 0.665566E+00 0.101622E+06 0.136837E-01
 745 0.681113E+02 0.426566E+03 0.896719E-04 0.307636E+03 0.444910E+00 0.665566E+00 0.101622E+06 0.136837E-01
